0[ 1.50356481  1.86154327  2.77678934][ 0.92440839  0.94394915  0.71323313]
1[ 0.65240852  0.88728469  3.24707483][ 0.82179024  0.50229813  0.44681571]
2[ 1.13134933  0.83688458  0.17112211][ 0.83705308  0.79536457  0.27408184]
3[ 1.02202667  2.5684639   0.91844934][ 0.10691626  0.95471003  0.42164022]
4[ 1.20475633  2.93335414  2.15262307][ 0.35378491  0.35628208  0.37742472]
5[ 3.73996369  2.93357508  2.48487979][ 0.32213894  0.39497628  0.88843323]
6[ 0.4118876   2.30180931  2.23258898][ 0.94312951  0.44382027  0.20592227]
7[ 2.00212192  2.87471244  4.85340437][ 0.17005057  0.47352888  0.95009341]
8[ 2.9619951   2.00953775  4.72665935][ 0.42430502  0.31736638  0.65317559]
9[ 2.35716797  1.06880705  3.82577075][ 0.12194674  0.39032171  0.08940267]
10[ 4.17690362  0.232227    0.76314471][ 0.55338816  0.67752662  0.87804331]
11[ 0.48558882  2.29061156  1.4752547 ][ 0.27215233  0.54955172  0.64116893]
12[ 2.87341772  1.55160134  0.46953511][ 0.62886323  0.2586755   0.9800565 ]
13[ 4.57434678  1.79565088  1.36755615][ 0.43500431  0.35857889  0.0660777 ]
14[ 4.29807512  0.12245716  0.98293593][ 0.37620106  0.45513978  0.03873457]
15[ 3.4546093   0.1175853   3.42158326][ 0.01419694  0.30737534  0.70080696]
16[ 1.45383012  3.7464509   3.07180159][ 0.73086505  0.21643642  0.65286033]
17[ 0.19828255  4.11498506  1.55615511][ 0.02272548  0.94185863  0.81063332]
18[ 4.99801084  2.78782265  1.84150356][ 0.59038385  0.88839467  0.23432838]
19[ 4.56594268  1.04896686  4.13536656][ 0.03791167  0.95420863  0.07307218]
20[ 0.53177372  3.96430039  3.07444987][ 0.64418028  0.51513906  0.81630444]
21[ 2.22905902  1.52574263  2.44098394][ 0.98380027  0.05400268  0.78084568]
22[ 1.48196231  0.92443937  3.84802837][ 0.2469092   0.06019612  0.78174385]
23[ 3.38909378  2.4675047   3.02232952][ 0.53425502  0.65161514  0.30718086]
24[ 1.14258312  4.2830874   0.67470441][ 0.14699349  0.90309566  0.34632401]
25[ 0.85091274  1.07219539  1.56024569][ 0.29137055  0.29377449  0.60577967]
26[ 1.27514191  4.94638931  1.78362435][ 0.22705081  0.42942781  0.88585476]
27[ 3.03142696  4.2238439   1.74134149][ 0.44543223  0.60479314  0.68699845]
28[ 2.09151607  1.12452377  4.4334159 ][ 0.95072441  0.32418518  0.06896895]
29[ 1.27506866  4.02488156  0.73280735][ 0.75348967  0.39010103  0.19896668]
30[ 0.23300192  3.25798713  1.58304379][ 0.48532948  0.22006177  0.24904298]
31[ 3.87262558  3.37887699  0.61319264][ 0.19964712  0.10732235  0.61509411]
32[ 4.08861816  4.82269704  0.07310186][ 0.05003768  0.6288671   0.82951923]
33[ 3.40292057  2.357531    4.62410718][ 0.00103992  0.79529362  0.44360384]
34[ 4.9600234   0.30455041  4.58229313][ 0.21823879  0.77304175  0.89676536]
35[ 3.62300326  2.1945408   2.95922218][ 0.45565693  0.3075241   0.1329462 ]
36[ 2.57782525  2.61474016  4.415033  ][ 0.25544851  0.89355316  0.73681867]
37[ 3.93317817  3.25560699  1.39390411][ 0.32283172  0.9351409   0.32375512]
38[ 3.41196046  3.56836053  4.94474059][ 0.55153054  0.74579252  0.79799781]
39[ 3.64383998  1.92851198  2.35791678][ 0.56288677  0.15217822  0.57415944]
40[ 1.58003856  4.15796271  2.1923714 ][ 0.4902085   0.21336136  0.49739127]
41[ 1.33074583  4.56413249  2.95663715][ 0.6132434   0.69225682  0.56379762]
42[ 0.16085492  1.81102378  1.84524196][ 0.07866398  0.390374    0.22595152]
43[ 3.19255156  2.53843477  2.81685401][ 0.77785143  0.59467287  0.83292664]
44[ 3.3799959   2.68307854  4.6230081 ][ 0.56822804  0.86490606  0.43292556]
45[ 3.95694518  3.35714822  2.16482397][ 0.50376248  0.43657143  0.97276156]
46[ 1.54041393  3.89479025  4.82222491][ 0.40316728  0.97670612  0.16483815]
47[ 2.25926124  4.54263133  4.27911527][ 0.99962018  0.7640126   0.35475946]
48[ 4.03098228  2.06794412  0.79230235][ 0.48921432  0.66144689  0.28162911]
49[ 2.15632137  3.28920769  2.44192747][ 0.30776983  0.69456366  0.31185691]
