0[ 1.73019222  2.48823372  2.73498029][ 0.1362331   0.79848638  0.78895138]
1[ 1.72166886  3.05959642  0.20059857][ 0.03139512  0.4644643   0.28448101]
2[ 2.19643386  4.43500183  2.24226545][ 0.04378522  0.42170544  0.04622096]
3[ 0.85435964  4.62025384  2.9250746 ][ 0.69312665  0.83789808  0.6746656 ]
4[ 4.32962468  2.32256054  1.84208517][ 0.90298555  0.85428169  0.82663715]
5[ 1.71458927  4.43969816  2.70353275][ 0.51427342  0.89481542  0.80492355]
6[ 0.64965546  4.63346252  3.41197662][ 0.73178146  0.28649923  0.9963257 ]
7[ 2.52959041  3.07474129  3.67303657][ 0.32833474  0.79352073  0.75161209]
8[ 4.44609483  4.64603494  3.77235068][ 0.52447138  0.7067809   0.15945541]
9[ 3.3006439   3.28150894  0.18607375][ 0.20364103  0.38915182  0.96010441]
10[ 2.57668731  2.51298742  3.96693615][ 0.03705307  0.15087128  0.32458956]
11[  1.50014479e+00   5.19065529e-04   1.51996134e+00][ 0.39556653  0.8969794   0.30153714]
12[ 4.25190462  3.28416659  0.6182206 ][ 0.34785723  0.16696745  0.56315039]
13[ 3.75369942  3.36604347  3.63071455][ 0.9661821   0.21930553  0.2919866 ]
14[ 0.07178555  1.17362252  2.5532127 ][ 0.34134313  0.49421342  0.70712655]
15[ 1.61602358  3.80371458  2.26826894][ 0.37160086  0.73249885  0.90214912]
16[ 4.23525824  0.73508263  2.66216012][ 0.19787955  0.30188038  0.6020019 ]
17[ 2.48577902  2.94427024  3.1498956 ][ 0.39589866  0.69852213  0.21826381]
18[ 2.57860982  4.56633186  3.27000797][ 0.69708772  0.15969838  0.09064125]
19[ 0.71468604  3.92134592  2.74904948][ 0.24065514  0.51783265  0.43059065]
20[ 2.87403257  4.56979336  4.04878062][ 0.01085856  0.62003992  0.80665132]
21[ 2.97056873  2.15698103  2.5250271 ][ 0.16172317  0.28458375  0.92969567]
22[ 1.26276773  0.07506995  1.21640338][ 0.76225388  0.27096363  0.49469345]
23[ 2.81620449  4.54369668  3.69912712][ 0.07076477  0.02199177  0.81718993]
24[ 4.09485714  0.41831585  3.840398  ][ 0.94150074  0.29405274  0.83589207]
25[ 1.01780046  4.54387461  2.16024824][ 0.78469246  0.46234094  0.84398816]
26[ 3.49530639  4.27758051  2.01195677][ 0.33115636  0.08988579  0.35541234]
27[ 2.83165674  3.92613755  0.05777559][ 0.06264676  0.58180919  0.36773204]
28[ 1.91316248  2.06029015  4.26400877][ 0.96005864  0.36017928  0.29343484]
29[ 1.37454567  4.48916344  4.65117461][ 0.68087645  0.08868838  0.75670499]
30[ 3.88065981  3.5093584   0.29392985][ 0.07570041  0.97377078  0.12524219]
31[ 0.23833558  0.91391115  2.27791293][ 0.92560952  0.25875186  0.94012222]
32[ 2.90454047  0.76940622  4.64043478][ 0.63105791  0.98010392  0.43904523]
33[ 1.58723274  0.28712571  2.71192179][ 0.67936466  0.3828769   0.04677814]
34[ 3.45578618  1.48984749  3.03481291][ 0.8665723   0.11901592  0.64801579]
35[ 3.18089375  3.15164063  0.81430636][ 0.46137665  0.7213967   0.77074624]
36[ 1.28355255  4.98116162  4.08195048][ 0.16666477  0.65153403  0.45619231]
37[ 1.04528287  2.80253167  1.89128924][ 0.62719804  0.06573646  0.28130419]
38[ 4.96355052  3.36426739  2.39487347][ 0.52032898  0.33639458  0.782243  ]
39[ 3.12583248  4.56225649  0.9066438 ][ 0.87469135  0.97908092  0.11838642]
40[ 0.42182627  3.50001574  1.17395954][ 0.90746894  0.44052212  0.874688  ]
41[ 2.82956896  1.84100316  3.6269758 ][ 0.92425987  0.87764166  0.38149596]
42[ 1.28903319  4.25227909  0.22413653][ 0.28248357  0.23610179  0.00759785]
43[ 2.98702129  2.25603175  1.47268149][ 0.3648113   0.35662322  0.8177059 ]
44[ 2.09833697  1.94615409  0.57606548][ 0.68559561  0.60604315  0.41618897]
45[ 4.87456966  0.53381356  3.37800547][ 0.69432356  0.66919364  0.84867811]
46[ 2.34409494  4.01956674  0.76826065][ 0.33594163  0.95313851  0.36782547]
47[ 3.91055745  0.93480176  2.99212059][ 0.49399327  0.77877856  0.66225058]
48[ 3.34208408  2.33130636  1.31904191][ 0.34808079  0.81982717  0.48689881]
49[ 1.85954081  0.43440831  1.03559893][ 0.82377823  0.60269772  0.81586809]
50[ 4.25677613  3.03029088  4.71181987][ 0.18425728  0.75228528  0.3439352 ]
51[ 4.07358457  0.89734037  3.82607522][ 0.37788315  0.50820835  0.86505862]
52[ 3.06865889  0.74003404  2.37736379][ 0.2048135   0.10699448  0.03837742]
53[ 4.72933716  2.13253345  2.48825015][ 0.15623817  0.40188429  0.37409999]
54[ 4.42765581  4.73058389  0.15126674][ 0.16950754  0.46349311  0.12554662]
55[ 1.67137803  0.08265797  1.79639994][ 0.4298341   0.60298591  0.69952643]
56[ 1.51084266  0.3559064   4.90795635][ 0.78116996  0.9561597   0.22036503]
57[ 4.15112601  2.42827482  3.21390613][ 0.72174456  0.37423102  0.7934642 ]
58[ 2.65424981  2.59261781  4.03288503][ 0.03382177  0.76978861  0.35246317]
59[ 3.4605291   3.04264586  3.67407166][ 0.6641498   0.33459336  0.47320675]
60[ 1.48943537  3.00827621  4.85987012][ 0.29216255  0.26768223  0.08765118]
61[ 4.95296896  4.35156594  3.02659569][ 0.58736938  0.50260708  0.85812367]
62[ 2.57611319  1.62210098  2.02146244][ 0.31030772  0.25235694  0.35762605]
63[ 3.70375941  0.57613661  1.36837704][ 0.15170343  0.87564287  0.29606015]
64[ 0.31329496  1.94844506  2.6391089 ][ 0.05439819  0.13987458  0.6816243 ]
65[ 3.58715542  1.27283813  0.85126997][ 0.96963901  0.69324979  0.09734196]
66[ 1.05678571  1.82498728  1.58664547][ 0.57889256  0.95702009  0.37973802]
67[ 1.74953908  0.05588331  2.63996703][ 0.50188829  0.30590293  0.78942647]
68[ 1.26667226  4.24626644  0.25437107][ 0.52421939  0.2361952   0.03779762]
69[ 2.84874567  3.84855184  3.2297589 ][ 0.81444663  0.70880607  0.14054391]
70[ 4.84235905  2.04466036  1.28765038][ 0.02842496  0.5477586   0.9967106 ]
71[ 4.67719947  1.4510995   1.77683316][ 0.84150789  0.47421892  0.57269208]
72[ 0.64846121  4.70831218  4.35563746][ 0.21763966  0.90328977  0.77471124]
73[ 0.16246271  3.38700522  0.90741729][ 0.38703342  0.04599672  0.78026955]
74[ 1.04009626  1.42237609  2.5746699 ][ 0.89834818  0.87799555  0.18416341]
75[ 1.27737288  3.16258754  0.54242219][ 0.835598    0.01389303  0.97004641]
76[ 3.80333148  0.20784996  3.88568917][ 0.80591891  0.81686661  0.41863636]
77[ 4.18847364  4.50543777  0.60471271][ 0.79665751  0.29856845  0.18581457]
78[ 2.96908584  4.29870894  0.37849647][ 0.63987295  0.82605363  0.05440367]
79[ 0.45564748  2.71632258  3.94119541][ 0.84254796  0.36272222  0.75511783]
80[ 4.4942278   2.46900693  0.4616682 ][ 0.75794324  0.31317224  0.41104784]
81[ 1.00623094  2.47962553  1.41193021][ 0.39512378  0.53172029  0.7210131 ]
82[ 1.06059852  4.51027963  3.09954237][ 0.95696701  0.3634777   0.41555902]
83[ 0.19264287  1.35211754  1.28353344][ 0.70050848  0.44472899  0.91173702]
84[ 2.03274122  0.66312293  2.04892949][ 0.05462101  0.769057    0.36171844]
85[ 3.88733163  0.13767912  4.53609396][ 0.26270568  0.28756649  0.39138438]
86[ 3.64141774  3.74044575  2.96373717][ 0.44254587  0.35492432  0.00960449]
87[ 3.38917591  4.64778124  3.07374893][ 0.76901961  0.56414379  0.34737021]
88[ 2.31632442  0.12523629  4.5903407 ][ 0.68783208  0.37942335  0.36534978]
89[ 3.42805945  2.80493521  2.61305206][ 0.44033678  0.02055215  0.90341651]
90[ 4.96724709  0.37401078  3.06174735][ 0.74636634  0.873135    0.64641708]
91[ 0.16452468  0.74742642  0.36534517][ 0.49341705  0.67974859  0.07047305]
92[ 4.49527975  1.82603557  4.77922382][ 0.25833877  0.25744188  0.17657755]
93[ 4.39985935  1.77359008  4.6670562 ][ 0.34438622  0.94657897  0.96726863]
94[ 1.03304619  4.61112224  4.6589578 ][ 0.06348393  0.83973235  0.86174859]
95[ 2.13720694  1.35510377  2.33908597][ 0.63871603  0.66481516  0.82124935]
96[ 3.89585507  0.70292348  2.18742759][ 0.0780679   0.60638437  0.36524792]
97[ 3.77033292  0.19308323  0.13752223][ 0.98881574  0.35806948  0.92451146]
98[ 3.03796993  1.45747906  2.35544152][ 0.16689639  0.10856387  0.87862905]
99[ 2.24801191  2.82483469  1.78169655][ 0.3205845   0.66833584  0.87305604]
100[ 1.30748391  4.85160867  1.09104224][ 0.91060592  0.98637241  0.79963349]
101[ 1.5006159   2.10722244  4.30263798][ 0.27748734  0.15569734  0.25526439]
102[ 1.55870297  1.63180329  0.07246519][ 0.0724492   0.22558914  0.10171788]
103[ 2.33554528  4.95930404  2.56323157][ 0.71639773  0.71881488  0.89629513]
104[ 0.93063884  1.29364639  4.55807475][ 0.05828965  0.12474688  0.21048812]
105[ 4.81891296  0.21443979  1.26379864][ 0.93947705  0.47050153  0.64028386]
106[ 0.77421347  0.82516773  4.88824962][ 0.68330808  0.70843721  0.05792944]
107[ 3.75373934  0.58615001  0.46664145][ 0.46885205  0.57774281  0.21914209]
108[ 4.20014666  2.84699748  2.39837921][ 0.99443246  0.79889919  0.16056842]
109[  4.80233384e-01   5.69355078e-05   3.22390445e-01][ 0.39666421  0.25954985  0.39070281]
110[ 0.89735245  0.06121052  4.8525851 ][ 0.1650664   0.02990143  0.60721177]
111[ 2.17844547  0.18074019  4.45926671][ 0.65174934  0.04313142  0.03391384]
112[ 3.35251374  3.06501859  3.80506571][ 0.55229927  0.0274048   0.11834849]
113[ 0.06536984  4.28973379  2.87335928][ 0.14400385  0.15565122  0.93894767]
114[ 3.59052638  1.60867328  2.059984  ][ 0.84644889  0.85758869  0.2089306 ]
115[ 0.31312676  1.2680865   4.59972535][ 0.3528134   0.00832223  0.19909194]
116[ 4.54607659  1.92177756  3.30563658][ 0.67674733  0.14186488  0.9388    ]
117[ 3.88125522  3.34624371  2.83474484][ 0.96617398  0.74048745  0.9573945 ]
118[ 0.35007002  4.56231001  4.80984055][ 0.72474044  0.97511031  0.72594091]
119[ 4.38334219  4.13902024  4.20522263][ 0.93076862  0.66473531  0.73040852]
120[ 0.00695654  3.08811533  0.12763736][ 0.55129596  0.04496684  0.04691639]
121[ 4.6342744   2.63052945  3.53099766][ 0.63688958  0.80857224  0.19016268]
122[ 1.39200618  3.03374824  2.24341583][ 0.26557479  0.0045566   0.76356884]
123[ 3.93526978  0.36392358  0.96803701][ 0.01770508  0.88099611  0.05465319]
124[ 4.4656271   0.52798288  0.96456987][ 0.49397522  0.84625231  0.93836518]
125[ 1.94080247  1.13613665  2.47054128][ 0.20472053  0.27059408  0.34914457]
126[ 3.47701179  1.36337281  1.57897567][ 0.29473124  0.1131557   0.15463055]
127[ 4.46954956  0.7118918   3.91885634][ 0.58649106  0.95326286  0.03412353]
128[ 1.45717887  2.76649956  0.98569854][ 0.9666919   0.23895522  0.89308517]
129[ 4.32001321  1.6088872   0.44741895][ 0.9125129   0.21207736  0.9681385 ]
130[ 1.20044023  4.84853714  4.11172549][ 0.4049393   0.56854341  0.79685315]
131[ 0.59680645  2.82989657  2.74035504][ 0.73840905  0.66805054  0.16220938]
132[ 0.61389792  4.60304253  3.34473088][ 0.49714143  0.19691513  0.56667241]
133[ 3.16154106  3.13168437  1.37848888][ 0.12656602  0.47558994  0.43421256]
134[ 4.66043901  3.48021061  2.33289882][ 0.87595807  0.41735157  0.84762932]
135[ 3.85309628  2.26732374  1.02392806][ 0.08825369  0.57229965  0.08032537]
136[ 0.28145607  0.29582243  3.15868586][ 0.64085679  0.34390905  0.85910041]
137[ 3.69620458  3.08088952  3.87454005][ 0.99575093  0.80343205  0.61357771]
138[ 4.80430518  0.50845819  2.88656663][ 0.27083423  0.10744685  0.11485579]
139[ 3.68352139  1.49566631  1.00266156][ 0.77841545  0.74077227  0.61878095]
140[ 1.93258913  4.05043552  4.24322571][ 0.93337851  0.14909968  0.37437879]
141[ 2.89547252  3.99595239  0.55001942][ 0.8186276   0.96659818  0.54325815]
142[ 3.33878593  2.92184985  0.71262424][ 0.92643641  0.08856286  0.10431517]
143[ 1.1040857   1.00205462  3.53089676][ 0.50422225  0.62437591  0.80903323]
144[ 0.79461428  2.9230511   4.9626494 ][ 0.63581346  0.19298637  0.92447875]
145[ 3.85631431  0.60077929  1.47382396][ 0.09443035  0.24524015  0.08403985]
146[ 3.87248853  4.38923388  3.44015825][ 0.2082385   0.91592905  0.88338775]
147[ 4.91753394  4.29868405  2.06985987][ 0.17396067  0.64172189  0.00146151]
148[ 2.21389356  1.82112528  0.85418758][ 0.19451444  0.10952482  0.67088043]
149[ 0.78728651  3.5285239   2.45570222][ 0.61705173  0.51938327  0.4167905 ]
150[ 1.90123561  3.82834898  2.19151212][ 0.21866945  0.44372381  0.60130995]
151[ 4.85496761  1.85171982  0.42348182][ 0.39287975  0.72741459  0.27359944]
152[ 0.81770247  1.54458853  0.28540105][ 0.97129301  0.39899699  0.23325322]
153[ 0.33280864  4.81969228  0.21407481][ 0.65502655  0.28017952  0.16022351]
154[ 4.76921868  2.50923929  1.33689014][ 0.85163517  0.55041441  0.22511817]
155[ 1.44322641  2.19789215  1.37759586][ 0.03844987  0.33684875  0.11069512]
156[ 0.69504346  1.89576022  0.12472307][ 0.2822729   0.74545783  0.56479709]
157[ 4.29039218  4.61942887  4.84821596][ 0.2444968   0.79827635  0.39364481]
158[ 0.11705787  1.67812827  4.9725559 ][ 0.12485004  0.77889849  0.25625193]
159[ 4.04450541  2.00459814  0.86432727][ 0.59948867  0.18847349  0.58806415]
160[ 2.01730506  1.59521288  0.19562231][ 0.61205433  0.32089968  0.70765154]
161[ 2.97939978  3.37062834  2.85825462][ 0.83356179  0.44596189  0.42120855]
162[ 0.91309     2.23244988  4.21430064][ 0.82118269  0.87694048  0.79820854]
163[ 3.49268547  1.1697054   1.66173788][ 0.04580721  0.35919301  0.3529911 ]
164[ 4.7463969   1.02119153  0.79809562][ 0.19203562  0.34737123  0.55006279]
165[ 2.02317078  3.01094019  3.78001643][ 0.12850355  0.15698624  0.14363859]
166[ 3.31157928  0.81690178  4.04586904][ 0.90774967  0.83743967  0.75880721]
167[ 2.35080683  2.53007709  0.81803041][ 0.45058818  0.184798    0.40809992]
168[ 2.26018896  1.06791485  3.5554103 ][ 0.74870675  0.34538706  0.41545676]
169[ 0.72049253  0.3766926   1.66531464][ 0.4664383   0.90264886  0.86647341]
170[ 1.50411699  4.04362457  1.56009247][ 0.58622972  0.54783816  0.39645608]
171[ 1.09641366  0.64605715  2.46294464][ 0.92933061  0.02379885  0.8839133 ]
172[ 3.85011221  0.55175885  2.63876625][ 0.15273043  0.13823747  0.62745419]
173[ 1.58673717  2.70591184  3.36010379][ 0.25045084  0.39941414  0.6693201 ]
174[ 0.26550803  3.96295814  3.81429995][ 0.7202452   0.69777838  0.08134309]
175[ 1.92411483  0.3966287   4.94257517][ 0.80602497  0.85876142  0.77402935]
176[ 2.30264969  4.5266621   4.89178627][ 0.04280487  0.52713569  0.06899765]
177[ 4.52870088  1.55494662  4.0439473 ][ 0.76058733  0.52386278  0.64703919]
178[ 3.26569299  3.36917684  2.95836959][ 0.46519758  0.4909414   0.6162209 ]
179[ 4.39615676  3.48050752  4.93221166][ 0.4543735   0.80763382  0.83843072]
180[ 3.67544547  2.74692884  0.03087502][ 0.38722767  0.08287863  0.29546178]
181[ 1.77998455  1.76263878  2.52674524][ 0.56144953  0.93333414  0.77923226]
182[ 3.49212886  0.34423967  3.18760342][ 0.48729456  0.52876099  0.51302536]
183[ 1.07580464  4.78567482  0.37537296][ 0.67403309  0.50017218  0.41464846]
184[ 3.94445217  1.06565106  3.50102276][ 0.60684697  0.23146842  0.05212578]
185[ 4.42358387  2.73347141  1.91227626][ 0.33175625  0.04623579  0.55254425]
186[ 0.19806757  2.37983903  3.4927148 ][ 0.08622952  0.39295408  0.16416238]
187[ 0.39363527  4.81934677  3.90312161][ 0.42467623  0.85172424  0.16448598]
188[ 2.68599378  1.66070716  1.03170573][ 0.46427684  0.2188222   0.31518456]
189[ 2.76181037  1.58683088  0.14542745][ 0.24351212  0.25912457  0.57850828]
190[ 4.63420507  4.85328051  3.23795828][ 0.27306974  0.81038422  0.25143083]
191[ 0.72193361  3.30003972  3.00423379][ 0.35792357  0.78391378  0.01357805]
192[ 4.34893559  0.3788005   3.45254047][ 0.06317029  0.62578316  0.40481155]
193[ 4.26225112  0.14405208  4.4261949 ][ 0.61243044  0.46711829  0.3098703 ]
194[ 1.56976785  4.75666973  4.51708398][ 0.13583798  0.09612327  0.36782773]
195[ 1.4104095   3.71541279  1.18920406][ 0.59162211  0.99294599  0.95184377]
196[ 2.1083523   1.89601386  0.87373413][ 0.23529794  0.10674197  0.183245  ]
197[ 1.37256676  3.96900659  1.33351294][ 0.9711777   0.88702987  0.00429106]
198[ 3.14196023  4.61123325  2.88809713][ 0.98432144  0.79583895  0.11410281]
199[ 0.17743507  0.0049365   0.07244263][ 0.20893621  0.92566666  0.48829872]
200[ 2.08074258  0.02182253  2.39518682][ 0.95649189  0.23279173  0.44418105]
201[ 0.97812103  0.48704448  2.19893144][ 0.47681504  0.69133778  0.56447424]
202[ 0.14976022  0.5152144   3.82217271][ 0.94470612  0.70094739  0.431089  ]
203[ 1.13885319  2.49752591  4.27708315][ 0.37639595  0.05115627  0.16517949]
204[ 2.21855345  3.4696      1.5654896 ][ 0.81425522  0.97739801  0.49255394]
205[ 3.47410608  2.63151497  3.55107288][ 0.53253885  0.06407847  0.41422889]
206[ 3.52603     3.45823752  3.23199659][ 0.67471217  0.19923523  0.06061853]
207[ 4.4033021   2.93989598  4.16238827][ 0.51910635  0.11970779  0.33958073]
208[ 2.02388045  2.64718385  4.06672761][ 0.7328463   0.74064885  0.84854643]
209[ 1.6255106   1.33090597  3.21620902][ 0.98186111  0.3498497   0.26706668]
210[ 1.17354396  3.03661421  3.81409709][ 0.81338315  0.03315945  0.41119201]
211[ 2.73289265  1.87882989  3.96971507][ 0.87949538  0.44815192  0.59755585]
212[ 2.6663064   0.12845279  1.49583982][ 0.4532866   0.40711421  0.74348959]
213[ 1.59500498  0.39760695  0.89467982][ 0.5021848   0.89540177  0.083431  ]
214[ 4.77821496  4.9252295   0.07772401][ 0.84129231  0.89511437  0.81934092]
215[ 4.9631222   4.51010764  3.16704728][ 0.71726549  0.13007103  0.76856008]
216[ 0.96429399  3.682348    0.24748851][ 0.64735373  0.4146022   0.49677689]
217[ 2.44447956  1.32966138  1.03296915][ 0.30755301  0.20004143  0.58839611]
218[ 0.05847001  4.07319114  1.57286711][ 0.34838301  0.10431666  0.66701023]
219[ 0.86079193  0.67925059  2.99744461][ 0.48342292  0.48275079  0.6774339 ]
220[ 4.87874255  4.23957805  3.02071785][ 0.95036518  0.04381684  0.8462013 ]
221[ 4.36145547  1.49930076  2.8599856 ][ 0.87423309  0.43904296  0.79179641]
222[ 3.83507369  2.36448861  3.16558758][ 0.00216181  0.54709611  0.56602659]
223[ 2.70438033  4.54714232  0.32405975][ 0.18972019  0.69628681  0.26933077]
224[ 0.89755128  2.86318582  1.86562417][ 0.71034847  0.80233951  0.5034122 ]
225[ 4.58134176  2.5491627   2.88996787][ 0.56868647  0.60059748  0.44412908]
226[ 3.59532989  4.65227541  0.70029841][ 0.36086307  0.21256954  0.18139245]
227[ 1.77266968  0.9777606   2.62458547][ 0.49408343  0.46327738  0.75550861]
228[ 3.22627622  2.39859393  3.09582302][ 0.25503579  0.62803758  0.36960747]
229[ 0.47203787  2.24754479  4.6209144 ][ 0.99523001  0.18181586  0.94792793]
230[ 0.93731277  4.2791637   3.92701321][ 0.3816387   0.70388997  0.55763493]
231[ 0.65158289  4.25073958  4.17411317][ 0.46494091  0.73514649  0.39674253]
232[ 2.77547843  3.57821668  1.86626608][ 0.66127735  0.91594334  0.27929709]
233[ 4.80543104  4.07862432  1.30981142][ 0.16427547  0.30617708  0.81330075]
234[ 3.03197797  1.45394363  2.76148377][ 0.69538997  0.1918719   0.66202918]
235[ 1.17641085  0.49690858  3.05910309][ 0.14318167  0.92523133  0.82847366]
236[ 2.9838285   4.23275852  4.08684504][ 0.60221942  0.93351351  0.38175661]
237[ 3.19552977  0.17448998  0.39157629][ 0.87208539  0.05357475  0.49500935]
238[  9.18038186e-05   2.72168620e+00   7.67265990e-01][ 0.90970584  0.65406244  0.77963014]
239[ 1.06037759  0.31532076  0.83131705][ 0.85472555  0.21791886  0.96654671]
240[ 4.77292217  2.60093702  3.01927879][ 0.61967917  0.2400109   0.39422793]
241[ 3.48698542  0.27765071  2.70675205][ 0.88401527  0.59540341  0.72407213]
242[ 0.89506453  3.54350759  1.91325304][ 0.09840892  0.75654561  0.60201933]
243[ 4.01689251  1.72582086  2.24442392][ 0.50664528  0.75337778  0.99909615]
244[ 3.81698209  0.54944366  2.32388497][ 0.01838434  0.00910799  0.98012561]
245[ 0.56146735  0.32628561  4.05936192][ 0.89755472  0.89314402  0.71201386]
246[ 4.17065787  2.2369483   4.44531618][ 0.08324453  0.86844398  0.14699777]
247[ 4.30444925  4.42033588  4.03017771][ 0.24330508  0.66328429  0.4240027 ]
248[ 1.75771146  0.50619638  1.15905407][ 0.28120606  0.26627493  0.59631143]
249[ 2.58517463  1.75175486  4.81543565][ 0.56456707  0.0060599   0.03108094]
250[ 0.96067812  3.50813244  3.78654471][ 0.08783974  0.43040247  0.65600778]
251[ 1.77017179  3.70251463  2.54797109][ 0.34235416  0.20491551  0.67250668]
252[ 2.12007355  2.90785282  1.23729567][ 0.24264839  0.21216219  0.16217906]
253[ 3.93584592  2.21826341  2.51106056][ 0.10193788  0.81013075  0.05157214]
254[ 4.09593125  2.45277905  3.36885516][ 0.66641794  0.94667797  0.6868819 ]
255[ 3.54893685  2.71433785  2.60691348][ 0.98039462  0.76429834  0.35139563]
256[ 3.57469553  2.43111376  4.07758288][ 0.13796792  0.72106374  0.37620237]
257[ 3.47860593  4.91826463  4.80833955][ 0.68762726  0.61131361  0.06646868]
258[ 1.0429214   0.87214872  4.00785983][ 0.10435772  0.76026089  0.01805846]
259[ 4.28129986  1.39738708  4.78897698][ 0.04336095  0.10446908  0.50013023]
260[ 1.26495929  1.48531935  3.44019274][ 0.09190085  0.27100456  0.55657359]
261[ 3.91870184  0.98888071  0.89008831][ 0.72042799  0.59652841  0.590504  ]
262[ 1.86802247  0.13187929  2.85102744][ 0.89872625  0.80974556  0.22501645]
263[ 0.79921362  2.40157773  2.70285951][ 0.71052831  0.58872627  0.65182762]
264[ 3.66674154  4.08676515  4.82387544][ 0.99693719  0.943003    0.70839933]
265[ 0.57494384  1.86204294  0.97763528][ 0.13781659  0.64726745  0.03874728]
266[ 3.32482343  1.86125673  2.10586551][ 0.28970269  0.97400907  0.9988731 ]
267[ 2.02672543  2.92094184  1.43409952][ 0.99129871  0.29476795  0.36915565]
268[ 2.41240221  4.91566108  1.83043037][ 0.36969427  0.96566184  0.14621176]
269[ 2.77930833  3.97504391  0.8522358 ][ 0.90792936  0.77500265  0.85604396]
270[ 2.59366425  0.16901159  1.36093733][ 0.54489244  0.54874271  0.58335354]
271[ 4.24836102  1.38801523  2.29252367][ 0.75251576  0.87134781  0.18611028]
272[ 3.39112057  1.08423114  2.42530089][ 0.50518678  0.69907375  0.8066661 ]
273[ 0.29908118  2.05099143  1.39604568][ 0.09178371  0.29613369  0.98393762]
274[ 0.95499118  3.73051412  2.11539591][ 0.8345481   0.6781768   0.10195801]
275[ 3.89931703  1.72729124  0.04415215][ 0.20418138  0.51051091  0.21701748]
276[ 0.6373681   3.59227979  2.28302162][ 0.27699634  0.29193937  0.56612127]
277[ 2.80986524  0.2938513   1.98653036][ 0.45731396  0.84155484  0.25375459]
278[ 1.0229796   3.4774586   3.05578175][ 0.18824336  0.65770879  0.11301495]
279[ 2.94230972  1.17014232  1.21983397][ 0.44283849  0.36012394  0.01198357]
280[ 0.59174807  0.10515545  3.48637788][ 0.41195319  0.19597194  0.68536423]
281[ 3.09249217  4.50461108  3.60922877][ 0.62374811  0.17814997  0.61884684]
282[ 2.777367    1.26401974  4.33105421][ 0.23428245  0.58344232  0.47073859]
283[ 4.61592794  4.66833357  0.38495564][ 0.47499019  0.52023113  0.28867603]
284[ 1.32614695  3.34826013  1.84179775][ 0.93700233  0.56085271  0.22029218]
285[ 1.28410886  1.45918797  2.67336035][ 0.43693523  0.48439455  0.62544785]
286[ 3.75228058  0.81545626  2.49265686][ 0.92555739  0.62886659  0.03350275]
287[ 4.99083352  2.72702583  2.33857131][ 0.20279162  0.77659668  0.02598123]
288[ 1.32913983  0.88050387  4.40630111][ 0.32132313  0.95650094  0.03991722]
289[ 0.87590385  2.68937459  1.33065893][ 0.22434722  0.39443199  0.15606629]
290[ 3.60630151  4.0938492   4.02962192][ 0.53258276  0.10055781  0.07022637]
291[  9.86479297e-01   4.58261806e+00   4.28524211e-03][ 0.47532876  0.54593776  0.31210617]
292[ 0.85826923  2.63081558  2.75483285][ 0.03094075  0.68503356  0.26404101]
293[ 0.73849241  2.91870489  4.31166273][ 0.91340249  0.66823917  0.19995657]
294[ 3.36487571  3.55364052  0.38705337][ 0.40950905  0.48426659  0.69193911]
295[ 0.8066628   0.36918276  3.8429939 ][ 0.84802839  0.22991048  0.68968112]
296[ 2.3011115   3.29590192  2.76087794][ 0.84676675  0.04729912  0.49700437]
297[ 0.70394704  2.15576139  2.54505952][ 0.29707198  0.11666497  0.04782491]
298[ 3.4826382   0.32438151  3.13163524][ 0.46489982  0.89698988  0.8516479 ]
299[ 3.865978    4.53074784  0.69730598][ 0.13420178  0.79710828  0.23912042]
300[ 2.15126144  0.78590563  4.465668  ][ 0.89094522  0.39441898  0.00334591]
301[ 1.69987128  3.02517613  2.56037918][ 0.8655589   0.50630477  0.09727509]
302[ 2.68959089  2.86319132  0.49127408][ 0.89652556  0.73065665  0.7189597 ]
303[ 4.88232712  0.37923392  1.13053088][ 0.58988736  0.92420508  0.76950934]
304[ 0.05325526  2.00409886  1.32419742][ 0.72380383  0.44136315  0.49177062]
305[ 0.63549711  2.92025311  0.22909793][ 0.97241142  0.43843714  0.01640169]
306[ 1.02433355  3.51375598  0.90058275][ 0.87038051  0.6774775   0.80884915]
307[ 3.67642191  0.58199084  3.22311963][ 0.72939556  0.91203604  0.8047328 ]
308[ 2.4335397   2.53253344  2.34174392][ 0.73976221  0.42528636  0.4005672 ]
309[ 4.84328489  4.11074051  3.79982914][ 0.94685666  0.83411673  0.71017166]
310[ 0.27212374  0.57859278  3.14045538][ 0.13039124  0.30909603  0.28566588]
311[ 0.46069699  1.58119198  2.10536913][ 0.43025811  0.96023127  0.85415867]
312[ 3.6136282   1.09458831  2.43947247][ 0.7639572   0.49006878  0.03255351]
313[ 1.69902795  0.75600921  2.20351528][ 0.53816208  0.0539648   0.58726911]
314[ 3.42955258  1.84797525  1.05961055][ 0.79924665  0.97135748  0.15846491]
315[ 3.88932359  0.67542923  3.78485504][ 0.78514701  0.85375106  0.32964773]
316[ 3.5865979   0.85133169  2.02961606][ 0.79447142  0.19144212  0.0216373 ]
317[ 0.18842605  1.9310733   2.66908467][ 0.75327979  0.04217121  0.19337654]
318[ 0.12099268  3.70825303  0.79278508][ 0.42042371  0.64518028  0.71994458]
319[ 4.57818072  0.26289742  1.00396613][ 0.6897826   0.70360761  0.56294347]
320[ 1.68770742  4.64733979  2.90719527][ 0.06235209  0.48269489  0.65503897]
321[ 2.64076745  3.62981911  1.2346926 ][ 0.45258869  0.95156602  0.63396673]
322[ 4.20118902  4.05857722  0.56312126][ 0.27657915  0.1820343   0.20030974]
323[ 0.03637449  3.5243882   2.97716016][ 0.41197946  0.12477768  0.70510164]
324[ 3.62156344  3.9475352   4.75071034][ 0.44460991  0.37440544  0.13372675]
325[ 4.10218084  0.77332342  2.49644096][ 0.62227286  0.62806022  0.70040331]
326[ 1.69918299  2.98714653  2.34513041][ 0.98099819  0.03750248  0.70524958]
327[ 2.15693265  3.20083038  1.9752269 ][ 0.96240987  0.354646    0.63741362]
328[ 1.24287436  4.21442939  2.75473566][ 0.52888915  0.68788207  0.84775   ]
329[ 3.78369282  3.81805928  2.34355377][ 0.59817065  0.15390614  0.86541453]
330[ 0.62141518  0.66205898  1.27228392][ 0.32414647  0.0914463   0.17706611]
331[ 4.4653815   0.18324209  4.91576997][ 0.08228475  0.23247984  0.47118339]
332[ 1.69510517  4.81351372  4.15887079][ 0.33385404  0.1101667   0.45742858]
333[ 0.78698973  0.52500567  4.17395616][ 0.61827914  0.09268721  0.20478495]
334[ 4.13072355  2.48682672  1.33633543][ 0.28284927  0.85929205  0.30392908]
335[ 1.3802525   2.98823646  1.07005397][ 0.62271162  0.28331341  0.2327138 ]
336[ 0.3130838   4.10360433  3.04956459][ 0.33931523  0.87128101  0.65148265]
337[ 0.38082852  3.31357599  1.2370979 ][ 0.91318082  0.68727546  0.8162808 ]
338[ 1.51005115  3.24977446  4.44105052][ 0.60344272  0.64947694  0.91116254]
339[ 1.99141571  2.86290633  4.31985838][ 0.99102829  0.50774457  0.0512326 ]
340[ 1.66198009  0.35070413  0.59288172][ 0.44113681  0.83712487  0.27907202]
341[ 3.67380987  4.15749735  1.60511414][ 0.36457237  0.2170389   0.53024587]
342[ 4.95640194  3.24149047  4.79263179][ 0.21354708  0.15331274  0.35759559]
343[ 0.43980564  2.70282588  0.33384533][ 0.70579118  0.33215356  0.82090195]
344[ 0.14996761  1.07782371  0.66217359][ 0.31795515  0.55826069  0.49911188]
345[ 1.01750141  2.59059605  4.8567236 ][ 0.24748394  0.70043734  0.21175872]
346[ 2.71524158  3.90967348  4.33668508][ 0.21647614  0.63040926  0.20004657]
347[ 3.79871347  0.74890078  3.12149729][ 0.59702557  0.59687373  0.60456502]
348[ 3.38328928  0.30365466  2.86964719][ 0.91670873  0.73673835  0.7089542 ]
349[ 0.08499704  4.57776916  2.18789693][ 0.42854837  0.96194102  0.51695105]
350[ 1.55482341  2.77333824  4.89343788][ 0.11603915  0.00171851  0.18030422]
351[ 4.2788317   0.23003663  0.33755077][ 0.29847387  0.10494541  0.12493649]
352[ 3.84873149  2.70136306  1.51333638][ 0.17209947  0.53792816  0.80956984]
353[ 1.55359473  2.94082105  3.67131337][ 0.18377455  0.10542643  0.9707253 ]
354[ 3.88306592  3.12529016  3.58137876][ 0.46124608  0.95400179  0.1297317 ]
355[ 0.6720977   0.10238353  4.14534181][ 0.14552297  0.19821474  0.38792018]
356[ 3.28584158  2.60250301  1.90760662][ 0.80342571  0.48675222  0.54951992]
357[ 4.07382301  0.62990372  0.40449868][ 0.43218172  0.25874513  0.40196418]
358[ 0.57937399  0.58960892  2.42939742][ 0.92632401  0.2158437   0.4895224 ]
359[ 2.93527644  1.26058763  4.47856347][ 0.24812563  0.93947438  0.38236175]
360[ 2.1059226   0.67001914  1.24531517][ 0.6396422   0.03284524  0.00352784]
361[ 0.41603389  3.99124528  2.19638797][ 0.11315825  0.12794032  0.87562486]
362[ 1.1167999   4.42574688  3.56384501][ 0.38938226  0.32073201  0.21252596]
363[ 1.17927349  0.21556855  3.7355718 ][ 0.23480501  0.45322682  0.66512495]
364[ 2.31726529  0.6087376   0.67374718][ 0.70766119  0.39075454  0.38707043]
365[ 2.45691781  4.70902727  4.29983215][ 0.56883461  0.04281435  0.39625455]
366[ 2.75859675  4.79137259  1.53681195][ 0.55334635  0.96539749  0.56494306]
367[ 0.58279281  2.57718515  3.96462878][ 0.60587152  0.6043362   0.57514991]
368[ 2.32427538  2.30464743  4.84000583][ 0.50434162  0.51060713  0.60485079]
369[ 1.79769782  2.98304928  4.90675352][ 0.32197978  0.51867475  0.42306259]
370[ 2.2012827   0.78028275  0.88736485][ 0.41469658  0.52647005  0.87706576]
371[ 2.60667301  2.60909922  1.55981467][ 0.67140637  0.23326781  0.2178878 ]
372[ 0.22788337  3.5482649   3.84723119][ 0.02612708  0.01535444  0.21016781]
373[ 3.18710486  2.06792     3.65965334][ 0.32898092  0.08362266  0.0099386 ]
374[ 2.87792824  0.21806002  4.13247662][ 0.42404063  0.83794223  0.06685751]
375[ 2.76970437  3.70948526  2.95296639][ 0.41009627  0.77363401  0.64052436]
376[ 3.79122967  0.4564811   0.0489714 ][ 0.96238395  0.59314782  0.54791298]
377[ 0.17272179  0.69753926  0.53597811][ 0.6822602   0.02911116  0.79866468]
378[ 4.74175805  1.27158839  0.81294561][ 0.97434448  0.23897094  0.40770673]
379[ 4.41633817  1.80110638  4.51898155][ 0.01723043  0.28456937  0.39368759]
380[ 3.96413513  3.4069368   2.1330873 ][ 0.72422533  0.41605291  0.8474192 ]
381[ 4.04311007  4.84547408  1.85073762][ 0.77945905  0.35180718  0.08100017]
382[ 3.32122832  3.37625292  2.59468524][ 0.00544246  0.14625009  0.09156093]
383[ 1.88873548  3.29333538  0.25914419][ 0.89851859  0.56294536  0.66022437]
384[ 2.49059101  1.49168218  1.59310116][ 0.27923789  0.05054574  0.74476291]
385[ 2.0722264   1.40529856  4.09502768][ 0.20960719  0.07078311  0.67089202]
386[ 4.51845767  1.71446118  4.12621269][ 0.61987913  0.20332676  0.31133241]
387[ 1.31650162  2.3051162   2.44899715][ 0.79873244  0.39148168  0.14848141]
388[ 3.97220546  2.19663969  2.61410197][ 0.48979297  0.20814419  0.22311739]
389[ 2.8709547   2.98984     0.78822688][ 0.21224024  0.17392141  0.13282781]
390[ 1.60669118  1.35638877  4.50472123][ 0.82417963  0.65042977  0.44598989]
391[ 3.72809307  1.396452    2.51996665][ 0.0457599   0.08774456  0.46411513]
392[ 0.65628404  2.2344186   2.58501136][ 0.06793225  0.43186744  0.30682195]
393[ 0.24221069  1.02972984  4.04332481][ 0.17853478  0.14830077  0.76787675]
394[ 0.81545291  1.57775044  3.14161577][ 0.09249568  0.0013995   0.75636787]
395[ 2.29890849  0.01114679  4.80080489][ 0.5156186   0.15502657  0.40769608]
396[ 0.66213147  1.83605546  3.23165369][ 0.69803887  0.4020349   0.28148691]
397[ 1.77425895  2.59050387  0.57369594][ 0.44865299  0.43181568  0.20048824]
398[ 4.73598076  2.30103277  3.53131508][ 0.62287569  0.25661141  0.02388451]
399[ 2.89115136  3.04025584  0.5760573 ][ 0.48109312  0.84863386  0.88489759]
400[ 1.68020915  3.13431655  0.92414418][ 0.5661838   0.62681761  0.31362652]
401[ 1.36481443  1.91798211  2.00479657][ 0.98485551  0.03662566  0.59882463]
402[ 4.37292433  0.97266031  1.62105839][ 0.69128497  0.25467193  0.89345783]
403[ 1.35050733  2.13133241  3.85854649][ 0.81563637  0.62505704  0.04952344]
404[ 0.70400692  2.02171828  0.87050153][ 0.3082942   0.75363277  0.09647701]
405[ 4.21861713  4.61844902  4.84752327][ 0.47744272  0.65271949  0.79781427]
406[ 3.51042596  2.70905808  4.38813511][ 0.57779947  0.74779096  0.03076828]
407[ 4.07474871  4.11549028  4.32350774][ 0.03196743  0.65427923  0.22225905]
408[ 2.31806136  3.93612739  3.68388347][ 0.67350218  0.10570784  0.09296612]
409[ 2.80116715  2.76099108  1.29751862][ 0.46769639  0.0995531   0.55027936]
410[ 3.43989401  1.67589595  1.55775688][ 0.29406881  0.74246611  0.71891616]
411[ 1.70051336  3.54889541  0.47515784][ 0.52976427  0.61060861  0.37048102]
412[ 1.35389235  2.33663166  0.01490844][ 0.01267141  0.43649636  0.07283546]
413[ 3.44131356  4.63156683  1.29028698][ 0.44101558  0.86179814  0.75563181]
414[ 2.22801389  4.2809781   2.75135511][ 0.12778637  0.25709763  0.07963105]
415[ 4.90751539  1.18463481  3.86993907][ 0.704744    0.83267245  0.65974117]
416[ 3.30953527  3.85184844  4.04053373][ 0.00266517  0.4419547   0.45010959]
417[ 1.32310684  2.16694853  4.98037307][ 0.24735931  0.64123263  0.6582798 ]
418[ 2.51637186  1.54807383  4.71802103][ 0.19150224  0.27325983  0.88311845]
419[ 0.51091122  3.67488252  3.61697391][ 0.94253486  0.88812556  0.05109016]
420[ 2.37550291  1.2029348   4.89001135][ 0.83274209  0.81283843  0.31876212]
421[ 0.09910366  2.52180551  1.2302669 ][ 0.70394694  0.58075955  0.58280501]
422[ 2.36842763  3.82349001  3.73219926][ 0.67483631  0.87287183  0.02193134]
423[ 3.01769445  4.74569788  3.0664827 ][ 0.1654499   0.45080018  0.6331257 ]
424[ 3.14344687  2.19794662  3.65608101][ 0.11873637  0.96879088  0.29972364]
425[ 4.70121624  4.34548128  0.23507546][ 0.75403174  0.34164601  0.60713379]
426[ 2.64307939  2.24503353  3.18598264][ 0.82419088  0.15935339  0.29250191]
427[ 0.08744277  3.73667114  2.56937457][ 0.42396246  0.24577219  0.35796524]
428[ 0.55967236  3.28631818  1.97812157][ 0.48322112  0.55378543  0.32858086]
429[ 2.95415315  1.3319435   3.78996259][ 0.96459032  0.58861138  0.9786735 ]
430[ 2.99774812  4.37475236  4.62671519][ 0.49915997  0.20570651  0.44060447]
431[ 1.03086767  2.22459567  4.47649408][ 0.40564113  0.45952355  0.14657574]
432[ 4.29171047  1.51905818  2.47044267][ 0.33563972  0.26917462  0.77814524]
433[ 4.9515068   1.68351685  2.84875519][ 0.80380849  0.86323173  0.92067077]
434[ 1.57771394  1.45835989  3.86437648][ 0.66010895  0.7219343   0.29651942]
435[ 4.35995063  4.92470144  4.50616633][ 0.22934437  0.96914809  0.32653583]
436[ 1.08911224  2.517313    4.39481805][ 0.75039726  0.5905074   0.75912856]
437[ 4.40913836  3.39740325  0.33914572][ 0.73587482  0.17698202  0.2475486 ]
438[ 4.65744574  0.34521423  4.6559989 ][ 0.06726463  0.15995101  0.93256813]
439[ 0.14373083  1.14367065  4.28909192][ 0.688301    0.20662217  0.99189989]
440[ 3.3996855   1.00073746  0.21504926][ 0.69559995  0.32626583  0.53546714]
441[ 4.2214804   3.35548709  3.47561807][ 0.24716274  0.51160192  0.0395039 ]
442[ 3.70616878  4.62221335  4.85953361][ 0.29320389  0.59276566  0.79538999]
443[ 2.38906412  4.65569995  0.64941256][ 0.95210155  0.57728868  0.61339466]
444[ 2.43775369  3.27907038  1.03257122][ 0.97045181  0.72640705  0.04953969]
445[ 3.37412492  1.22967615  3.6627217 ][ 0.55020124  0.86589109  0.89832083]
446[ 0.21122453  0.41494353  3.06117521][ 0.06554482  0.6544078   0.74468802]
447[ 4.87970466  0.51942719  3.10010597][ 0.25009571  0.5405113   0.0597794 ]
448[ 2.40345097  0.50696138  1.80976364][ 0.52347712  0.54134132  0.88939137]
449[ 4.02167258  4.56320602  0.93164853][ 0.35162888  0.38227797  0.27816727]
450[ 1.22255734  4.47035822  1.33557077][ 0.37371253  0.16468915  0.67943806]
451[ 0.70124243  1.54369432  2.93298069][ 0.55745916  0.76982327  0.36422862]
452[ 1.07172455  1.94834973  0.47020365][ 0.15303056  0.22809129  0.21808532]
453[ 1.71468932  1.10610535  2.6086449 ][ 0.57705284  0.55128298  0.53319027]
454[ 0.2108889   1.23285062  4.64818187][ 0.84082793  0.33805304  0.02472349]
455[ 4.66451765  3.92947772  4.81740043][ 0.84804745  0.88661145  0.59682246]
456[ 2.65922548  3.5716189   4.38886784][ 0.90976816  0.5002967   0.66131049]
457[ 0.11356185  1.79275039  1.9188427 ][ 0.04154621  0.22087038  0.24912501]
458[ 4.85111522  1.25427603  1.37197292][ 0.73325331  0.5934339   0.70962304]
459[ 1.20951275  3.72051837  0.39179146][ 0.20114591  0.45475625  0.35972202]
460[ 2.08695943  1.4781418   0.79108339][ 0.02927435  0.72089704  0.64730485]
461[ 4.61172792  0.91344948  2.00421674][ 0.72887447  0.5940265   0.51945019]
462[ 0.5026751   1.91881166  0.5554534 ][ 0.044792    0.90135999  0.58094519]
463[ 3.96636169  2.01218968  1.06109979][ 0.84202493  0.38736699  0.86211674]
464[ 3.44812202  4.29921775  4.46344825][ 0.08425907  0.5263139   0.36531713]
465[ 1.7594065   0.74165315  0.95939634][ 0.36890814  0.89949052  0.39765031]
466[ 4.16755543  1.30036412  3.33319969][ 0.3241968   0.55883829  0.62016341]
467[ 1.77855746  2.56814119  2.702878  ][ 0.43847508  0.19878182  0.61038949]
468[ 1.47906226  0.81421377  2.79205748][ 0.54991927  0.97318299  0.52870453]
469[ 0.1662222   1.2594092   2.49824846][ 0.20217001  0.66357731  0.13480754]
470[ 1.37535654  2.18704748  3.20128095][ 0.88226445  0.66467001  0.76801481]
471[ 0.84782441  3.82022469  2.15578402][ 0.09954132  0.27208994  0.87920314]
472[ 1.89209534  1.87251163  4.38570615][ 0.88544276  0.68973801  0.02201684]
473[ 0.18165582  1.5661161   2.18481612][ 0.24740728  0.08603179  0.38862237]
474[ 1.53616528  4.87078888  4.85814797][ 0.75264747  0.96107086  0.21023251]
475[ 1.88771965  2.25511327  3.76709012][ 0.97311176  0.14141603  0.77463429]
476[ 1.40285002  0.80857419  3.6992992 ][ 0.08545351  0.42207145  0.44835123]
477[ 2.14002147  3.45136938  2.07079509][ 0.02849026  0.24617088  0.29667428]
478[ 0.7490816   0.81399005  0.18534543][ 0.67377181  0.71439305  0.66523375]
479[ 4.12406598  3.01122742  2.43341799][ 0.3251313   0.73363288  0.24368345]
480[ 0.53246948  1.40558013  3.84528621][ 0.58001802  0.41747672  0.782023  ]
481[ 1.81666825  1.28098735  0.99885208][ 0.41988302  0.4510096   0.17941967]
482[ 1.00677472  1.28529545  4.93594571][ 0.78672519  0.10816066  0.95121352]
483[ 1.88348912  0.24549055  2.99718301][ 0.15216626  0.99105718  0.14526292]
484[ 2.37719575  2.2041496   3.45827402][ 0.8467943   0.37671976  0.11271797]
485[ 2.5507672   3.528738    4.92160885][ 0.36163027  0.34930029  0.81085497]
486[ 0.21110906  4.26121702  2.15748117][ 0.51459101  0.33555857  0.83316103]
487[ 1.01142495  3.80974328  0.61428377][ 0.9996417   0.7470668   0.30722737]
488[ 4.15823772  1.72076179  2.62345823][ 0.35459825  0.76580102  0.93675584]
489[ 4.0741732   3.23081567  1.12069694][ 0.47141926  0.23795151  0.61648414]
490[ 2.77042002  1.50102923  1.481138  ][ 0.4275497   0.35277851  0.3000929 ]
491[ 0.89293158  4.65040336  4.51382447][ 0.57979805  0.2471873   0.24708894]
492[ 4.28317085  0.0817475   2.16614678][ 0.55324895  0.86316207  0.65668249]
493[ 2.88876609  3.74343602  3.8737675 ][ 0.27557069  0.9599815   0.43610748]
494[ 1.06098235  2.09691762  1.4093696 ][ 0.5976335   0.18387699  0.9615576 ]
495[ 1.32073169  2.50167322  3.75918188][ 0.10363242  0.27366181  0.99353129]
496[ 3.65921097  1.4480726   0.8148993 ][ 0.02284805  0.49497302  0.19897679]
497[ 1.85901746  2.97320132  0.1623776 ][ 0.55810705  0.50307747  0.85207752]
498[ 4.59291512  2.58174104  2.6067812 ][ 0.23007786  0.81541988  0.89091231]
499[ 1.19664053  1.07509127  4.03485331][ 0.82254345  0.32881422  0.08334002]
500[ 4.40344831  3.03252987  2.49308001][ 0.80697587  0.00135467  0.29629882]
501[ 0.94287574  0.00434305  1.70090784][ 0.26604379  0.46804479  0.93824282]
502[ 1.73349498  0.59612431  2.74271227][ 0.30533846  0.369667    0.73144413]
503[ 1.32462544  1.02037234  2.05821312][ 0.89506969  0.91429727  0.57686742]
504[ 4.77646613  1.71222059  3.34491412][ 0.1569119   0.42004068  0.86097909]
505[ 4.78818671  0.39170018  3.21121975][ 0.43010839  0.11536635  0.84503595]
506[ 2.86265289  1.71719127  2.27597249][ 0.33385406  0.35152273  0.27077798]
507[ 2.9007954   1.1068695   1.06551073][ 0.60689679  0.12496716  0.89196097]
508[ 1.41443953  3.86386301  0.38268861][ 0.99771212  0.85080286  0.75920019]
509[ 1.73080125  3.80710188  3.6605918 ][ 0.24386387  0.44126363  0.43467663]
510[ 2.1903604   1.40643284  1.67792336][ 0.83408563  0.63200075  0.22822687]
511[ 3.5577546   0.91499652  2.64175159][ 0.13075681  0.97798664  0.45482815]
512[ 4.63002097  1.71267353  1.21166417][ 0.26048223  0.05282451  0.47633978]
513[ 4.10863399  0.09567299  2.90894945][ 0.18422748  0.78257305  0.63097935]
514[ 3.58885643  2.25780132  0.48509816][ 0.77590134  0.67145862  0.30021762]
515[ 1.71414602  1.19201125  4.46134406][ 0.12165044  0.28946561  0.30490087]
516[ 0.09831262  3.53358581  4.67249135][ 0.7517574   0.17305575  0.71613386]
517[ 2.80215579  4.72224978  2.80705638][ 0.72025622  0.60548397  0.84244244]
518[ 1.22433113  3.64691391  1.99261134][ 0.34233549  0.68011591  0.49160473]
519[ 4.8453161   2.32978738  0.02404594][ 0.31205545  0.81662187  0.74867592]
520[ 2.48765776  2.6104516   4.1982608 ][ 0.06970017  0.74177499  0.91338178]
521[ 0.98038656  1.37830474  0.76471096][ 0.56974902  0.50416737  0.74932465]
522[ 2.48146286  3.07024042  4.49289612][ 0.2079238   0.90412126  0.74290228]
523[ 2.2548985   1.6181282   4.16481941][ 0.51482127  0.07230479  0.56494479]
524[ 4.33474004  1.73122905  1.03915645][ 0.62104832  0.14366367  0.86318155]
525[ 4.89733999  4.45993086  4.13130935][ 0.55805128  0.18985866  0.61294362]
526[ 2.59530384  2.09889743  3.35581457][ 0.35192238  0.74907603  0.87720785]
527[ 4.88037525  3.27147445  1.06237916][ 0.42510229  0.22380741  0.77329714]
528[ 2.48578479  3.76926742  3.31214049][ 0.42518237  0.78455976  0.70095912]
529[ 0.18923815  0.34875283  4.09469036][ 0.66612626  0.04065588  0.39545119]
530[ 1.72443178  4.6983507   4.6584239 ][ 0.29216521  0.80020703  0.61081991]
531[ 1.7668007   0.53493766  4.15235751][ 0.7295558   0.83035921  0.16025465]
532[ 0.28924522  1.54230939  4.20045905][ 0.03751255  0.37796603  0.84173994]
533[ 0.91316951  2.85832634  1.12014434][ 0.81457705  0.68370547  0.94058335]
534[ 3.24202734  1.27355698  3.80907723][ 0.23107601  0.5920036   0.67868576]
535[ 3.00569884  0.00963219  1.31156838][ 0.26692673  0.06351239  0.55589709]
536[ 1.14384989  1.73287113  2.9717649 ][ 0.4553989   0.41313309  0.49256548]
537[ 2.32018546  3.53346896  3.1133077 ][ 0.44683936  0.83212275  0.58590281]
538[ 1.43625751  1.83146319  3.9502199 ][ 0.22099548  0.35968466  0.75645709]
539[ 0.35461384  2.8987538   0.82949978][ 0.14033213  0.91820155  0.18848495]
540[ 2.405237    1.23733612  3.44673889][ 0.22122425  0.80514752  0.34862075]
541[ 4.76368505  4.24331676  3.0106613 ][ 0.7032715   0.4598073   0.68215294]
542[ 4.90853887  2.36008176  4.96352132][ 0.24068359  0.67031935  0.35281287]
543[ 3.22238027  3.8065452   3.58529118][ 0.45851422  0.03072643  0.01780247]
544[ 3.00575699  3.93535304  4.80306372][ 0.93153819  0.71977325  0.79525972]
545[ 3.0729757   1.35888796  0.39023477][ 0.57832705  0.19765557  0.00982775]
546[ 4.34966465  2.82062174  2.74704646][ 0.5411561   0.15122548  0.40231061]
547[ 1.37874933  1.0107661   0.58292261][ 0.08729113  0.08295637  0.6267512 ]
548[ 2.61520596  0.17629557  2.7790336 ][ 0.36202288  0.55378807  0.23595559]
549[ 2.32400751  0.06496932  0.37984194][ 0.82978123  0.707781    0.91717009]
550[ 1.23317522  1.8070494   2.04084971][ 0.02025148  0.83675674  0.28998701]
551[ 4.23813825  3.60957025  3.90343854][ 0.31133552  0.51878673  0.39359351]
552[ 1.14121048  1.02854853  0.5802668 ][ 0.57655706  0.11676975  0.35434026]
553[ 4.57484299  2.45420856  3.69992032][ 0.64876017  0.67056211  0.38599578]
554[ 2.41950869  4.05671716  1.71372768][ 0.2313533   0.17135042  0.52612912]
555[ 3.68534191  1.69272035  2.67438902][ 0.67258394  0.05253164  0.72158278]
556[ 4.38463528  4.37562735  0.9759904 ][ 0.16128148  0.46336092  0.46003064]
557[ 2.50683929  4.39413596  1.35677135][ 0.68351881  0.032261    0.55660643]
558[ 4.77944571  1.41344065  0.44169208][ 0.61481579  0.69011546  0.73437136]
559[ 2.61932848  4.81851182  4.89347329][ 0.39848839  0.43650451  0.86106336]
560[ 0.06012608  4.60271699  4.05740333][ 0.99126003  0.51047792  0.72278311]
561[ 0.07973113  2.17731693  2.19053426][ 0.25925777  0.69477212  0.88363211]
562[ 0.38050594  1.33991887  1.86626302][ 0.5884059   0.81582368  0.40891812]
563[ 4.21719403  1.12724397  1.3303424 ][ 0.38595104  0.17350411  0.46092409]
564[ 1.4401954   3.96000902  4.24559002][ 0.36848424  0.04088848  0.31855434]
565[ 1.91189015  2.60193398  2.88019962][ 0.08280454  0.74426545  0.02928553]
566[ 3.40021874  1.56822924  2.52703857][ 0.50377057  0.41083573  0.66987472]
567[ 0.82734181  2.7980212   4.50345093][ 0.90577441  0.94967077  0.36668623]
568[ 4.11949365  0.11814132  2.41030436][ 0.8301429   0.91880337  0.24940403]
569[ 3.006768    0.86071302  2.61381298][ 0.08028162  0.46692228  0.81589339]
570[ 0.49243931  3.95257712  4.86485558][ 0.54177125  0.69910441  0.2833275 ]
571[ 2.75958169  2.44019763  4.80393624][ 0.97390933  0.92068112  0.4858399 ]
572[ 1.99322615  1.32621019  2.41496888][ 0.07309853  0.3931044   0.55623439]
573[ 3.73374149  3.5199825   2.3989356 ][ 0.62973002  0.37506525  0.96146412]
574[ 0.67604958  0.33249014  4.9431025 ][ 0.26866033  0.13773618  0.14381142]
575[ 1.0752535   4.43193246  4.04519046][ 0.33608461  0.64913935  0.28784288]
576[ 2.88495154  3.08979162  3.194625  ][ 0.81169972  0.12852785  0.31953157]
577[ 2.35349087  1.18006109  0.82794504][ 0.3338992   0.69175841  0.39583354]
578[ 1.94038862  4.05459748  3.90558094][ 0.43263149  0.58084453  0.91994075]
579[ 2.64930936  2.5894571   3.82760359][ 0.67069946  0.2641105   0.79469576]
580[ 1.48724391  1.06318932  4.7074568 ][ 0.67880238  0.39880993  0.82183982]
581[ 0.91420654  4.72018303  3.53609429][ 0.70662472  0.3655709   0.41876202]
582[ 2.97179362  2.0245391   3.32294574][ 0.36219379  0.9155327   0.99847401]
583[ 4.01639008  3.56284139  0.61986315][ 0.52553864  0.12671664  0.15959952]
584[ 0.50462976  4.6856083   3.3133838 ][ 0.6673757   0.83197083  0.43083296]
585[ 4.60133717  1.60329259  1.54509579][ 0.94780036  0.17174492  0.6799111 ]
586[ 1.68853947  2.98773738  2.24540581][ 0.4040563   0.75155757  0.43802459]
587[ 2.22308865  3.65985722  1.84379535][ 0.75790593  0.82586822  0.88829527]
588[ 2.26406929  0.76596112  2.14487341][ 0.35058185  0.75510772  0.76093178]
589[ 4.41483693  0.37439239  1.21549743][ 0.04286173  0.54178611  0.94609774]
590[ 0.50659525  4.21927462  0.73475246][ 0.03276521  0.01719081  0.83493603]
591[ 0.32631796  3.18566864  3.01246967][ 0.60526821  0.23210172  0.79705246]
592[ 0.60976598  2.27023341  1.93877091][ 0.06901037  0.59100224  0.92373365]
593[ 3.99233222  1.93904597  3.1621003 ][ 0.70200114  0.97243906  0.61377096]
594[ 2.3753572   0.53759765  0.51425961][ 0.00279227  0.46154743  0.83798323]
595[ 0.2773868   2.91266788  4.73637697][ 0.04370408  0.77672685  0.43381966]
596[ 4.02031683  1.42816966  3.23396421][ 0.39363903  0.04346331  0.32990779]
597[ 2.30563719  0.40167606  3.73915091][ 0.21183906  0.33308383  0.17654794]
598[ 2.60800329  4.06280839  1.65958132][ 0.2567126   0.66537705  0.56717519]
599[ 2.01951843  4.45575462  4.08896499][ 0.3491495   0.12615224  0.08702937]
600[ 2.27438037  1.81348221  1.48087984][ 0.12402058  0.00506386  0.86275316]
601[ 1.19762579  3.01101652  1.21327424][ 0.30668532  0.28320662  0.97126496]
602[ 0.84291733  0.35229212  1.73882563][ 0.86310746  0.83230709  0.07513024]
603[ 2.12378819  1.56440822  4.09162811][ 0.95500398  0.32846292  0.50273119]
604[ 0.73779255  0.18387742  0.02817658][ 0.66516143  0.99553571  0.03866026]
605[ 3.52955525  0.40171259  0.64492442][ 0.1948829   0.44856711  0.51969179]
606[ 3.99548063  2.20945799  0.5243589 ][ 0.12395252  0.43890176  0.8144779 ]
607[ 1.81454364  2.44571052  4.25889705][ 0.42836227  0.28178655  0.04808557]
608[ 0.03479042  1.3816335   0.81820864][ 0.4324998   0.01013493  0.97051658]
609[ 2.70747128  2.82537053  0.68542617][ 0.61072823  0.57398914  0.82343506]
610[ 3.14805304  1.62353677  0.0093709 ][ 0.49590606  0.73992569  0.73193963]
611[ 4.86701949  3.25575483  0.14790932][ 0.48134205  0.4747093   0.8821105 ]
612[ 3.9023692   3.54843219  4.6289344 ][ 0.40540943  0.98212568  0.55161012]
613[ 4.32788419  4.8474018   4.15002186][ 0.01792345  0.08246146  0.45036862]
614[ 2.82484143  0.06542235  0.55000807][ 0.54591652  0.20746756  0.64938042]
615[ 1.29750091  4.34677127  1.21082017][ 0.02496992  0.83059007  0.34704114]
616[ 2.0145696   3.11193489  0.02132479][ 0.48595741  0.89085673  0.27930478]
617[ 2.45935153  0.7144763   4.74013044][ 0.6430231   0.94269279  0.75786392]
618[ 0.91101857  0.77712161  4.67788293][ 0.94926671  0.78652313  0.71186265]
619[ 2.51398633  3.35984624  3.58506101][ 0.93092638  0.15668626  0.49135937]
620[ 0.57913096  1.96347996  0.07171166][ 0.99747577  0.54652573  0.30821412]
621[ 4.48473594  4.44173571  1.03503229][ 0.66764912  0.02442173  0.67481714]
622[ 4.77316     4.24734738  3.50179064][ 0.04328145  0.02594738  0.19139022]
623[ 2.40902849  3.12790506  4.55027718][ 0.70382057  0.8317704   0.74981574]
624[ 1.43190853  1.81257123  3.16100246][ 0.39001157  0.23070454  0.15257257]
625[ 2.5964634   2.8917166   4.94359014][ 0.74210866  0.43881783  0.66021594]
626[ 4.86902077  2.9266692   2.70563703][ 0.96870768  0.36399345  0.73059805]
627[ 3.1225033   1.59025839  3.70521641][ 0.78593239  0.4356893   0.8930842 ]
628[ 0.49165668  4.39021353  2.19945919][ 0.73354221  0.97322119  0.69297765]
629[ 4.81549777  3.10532763  2.69516901][ 0.7177971   0.48896018  0.14132419]
630[ 1.44172854  2.0784775   2.47731104][ 0.2353712   0.58477618  0.71779661]
631[ 3.861883    0.62315514  3.13598112][ 0.9160885   0.76461663  0.62070252]
632[ 1.68604523  3.2613389   2.8746396 ][ 0.63343636  0.06959795  0.24115758]
633[ 4.69491443  0.33807588  4.23912231][ 0.92390454  0.51810271  0.25004908]
634[ 4.62001698  3.35653313  2.18807438][ 0.0722039   0.99470222  0.11016196]
635[ 1.47554151  4.33819926  4.41920677][ 0.39698742  0.93521597  0.9816904 ]
636[ 4.93084225  0.7492771   3.52923154][ 0.92404919  0.01648051  0.45197232]
637[ 0.96307439  2.76739401  4.62245704][ 0.05087681  0.70204827  0.69398952]
638[ 1.14737326  3.47756081  1.49253359][ 0.975999    0.90829744  0.10913178]
639[ 3.4061216   1.83472308  3.46189639][ 0.56492627  0.41367916  0.99444668]
640[ 3.22597101  1.65733569  1.7826567 ][ 0.61618185  0.3267036   0.00829177]
641[ 4.48510091  0.46921296  1.79686388][ 0.53919124  0.01880152  0.94149137]
642[ 4.28994271  0.17855632  4.37174412][ 0.18684858  0.31068615  0.76746258]
643[ 3.6483972   1.8345547   3.26154785][ 0.8596381   0.38659395  0.43473625]
644[ 2.54754948  3.32850122  1.5293344 ][ 0.36930501  0.03095132  0.96686173]
645[ 2.61816085  2.44014816  0.48998518][ 0.22296316  0.69065492  0.94579558]
646[ 4.43696279  0.50673204  0.92131431][ 0.1257042   0.64760894  0.45936835]
647[ 2.22168607  3.50686442  0.75394564][ 0.88554496  0.982683    0.2880142 ]
648[ 2.86475418  2.78780825  2.7808977 ][ 0.0810915   0.46724439  0.19340661]
649[ 3.64861172  0.88461146  3.3757299 ][ 0.64173204  0.23945356  0.89914874]
650[ 2.35031104  0.30566732  0.20203626][ 0.89411537  0.90226188  0.48726964]
651[ 3.01752999  3.64590661  1.72119503][ 0.64445316  0.24877161  0.57055454]
652[ 1.05861307  1.86815483  1.00795066][ 0.49910898  0.13937384  0.5896826 ]
653[ 1.2537204   4.80319814  2.14027814][ 0.64971599  0.06295508  0.89399914]
654[ 2.92305339  2.26865493  1.83114575][ 0.92950446  0.75932498  0.56201952]
655[ 1.66599489  4.35805006  3.608628  ][ 0.19618464  0.21531859  0.42658538]
656[ 4.77032445  0.0895452   2.85689746][ 0.02501307  0.66802571  0.71210126]
657[ 3.58679043  2.27919353  0.02655532][ 0.36887719  0.29132536  0.64796515]
658[ 4.43472298  2.53666091  2.19662529][ 0.07295262  0.61007122  0.5748094 ]
659[ 3.27440888  2.57951501  3.40967587][ 0.9891667   0.61811751  0.20700422]
660[ 2.92920096  4.06689235  1.18692522][ 0.2537478   0.8520391   0.08887354]
661[ 3.40913383  4.5378428   3.96107289][ 0.0295106   0.37510577  0.50777698]
662[ 3.07378886  2.02516608  3.8100715 ][ 0.76234466  0.88618418  0.22631722]
663[ 0.41665134  0.24737019  1.76339497][ 0.66582221  0.32987589  0.58242275]
664[ 2.22751007  4.19822908  4.41434441][ 0.31434768  0.55507266  0.47006825]
665[ 4.5105395  4.4666389  4.621061 ][ 0.67131987  0.19228672  0.10806191]
666[ 1.85735645  0.45813421  0.34163734][ 0.22628944  0.17838633  0.11375358]
667[ 2.30905771  4.65730852  0.35788168][ 0.35131949  0.88948648  0.1204144 ]
668[ 2.04920812  2.9346657   0.94214786][ 0.07115747  0.17702889  0.72254967]
669[ 3.3208073   1.1008533   0.83988475][ 0.12896021  0.04018396  0.30898753]
670[ 1.76826283  3.0460678   0.64051085][ 0.27789451  0.42441029  0.51295036]
671[ 0.8022993   4.8454276   1.50791436][ 0.25573247  0.23820729  0.23252599]
672[ 1.38202774  0.54447588  0.29906517][ 0.83714293  0.05774305  0.97434698]
673[ 0.30869753  0.92753984  4.37163223][ 0.63871835  0.82275956  0.66205596]
674[ 4.82612631  2.90349745  2.77379996][ 0.71542487  0.72089058  0.59287357]
675[ 1.65988529  0.93697298  1.00610984][ 0.61515514  0.26265264  0.87314609]
676[ 4.15375874  1.79872459  0.22173255][ 0.14423408  0.74890339  0.27995939]
677[ 2.96132374  0.06665703  3.82100159][ 0.73768387  0.62231404  0.07019565]
678[ 2.76370394  3.52148467  0.29037534][ 0.15774732  0.10181568  0.39353344]
679[ 4.83710451  1.24956485  3.47862678][ 0.05993031  0.56857425  0.11974317]
680[ 3.10410476  1.46826201  2.96997443][ 0.6806081   0.01154148  0.44978096]
681[ 2.66844276  4.90165739  1.77167994][ 0.90650938  0.50396288  0.35260409]
682[ 3.43265639  2.25250786  2.13746668][ 0.14330496  0.383094    0.86908766]
683[ 3.32339235  2.47963483  0.00919294][ 0.11011257  0.00859181  0.67131176]
684[ 2.30391022  4.36981648  4.54120356][ 0.38762456  0.12544575  0.4311584 ]
685[ 3.10344298  3.87784909  1.79169683][ 0.84082483  0.14095954  0.5885179 ]
686[ 2.57276645  1.88586044  3.65711099][ 0.69243833  0.80483023  0.29652939]
687[ 2.43287544  1.01174281  2.11130878][ 0.8509232   0.75721171  0.98171258]
688[ 0.49987436  4.26354227  4.41802301][ 0.86674329  0.54504094  0.96564304]
689[ 1.7631443   1.67651767  0.82449024][ 0.49943846  0.88280074  0.31826317]
690[ 0.1244323   1.5969495   0.99142718][ 0.84449342  0.74794767  0.60770354]
691[ 1.01948262  4.6208844   1.386412  ][ 0.83199934  0.4770475   0.04021619]
692[ 4.85419487  3.14789573  4.64097335][ 0.12399398  0.01063803  0.46855197]
693[ 0.2661617   0.9144218   4.99547212][ 0.49139538  0.87062594  0.83442744]
694[ 3.69656666  3.94068584  3.60531957][ 0.01948142  0.62807612  0.93591712]
695[ 0.3695582   3.85707257  3.33569764][ 0.3250903   0.26142977  0.19098481]
696[ 2.50893059  4.27239105  3.412972  ][ 0.77879385  0.54884499  0.53214037]
697[ 1.45722322  0.07549261  0.70275908][ 0.93116858  0.89969652  0.01377077]
698[ 4.07160008  3.65093485  1.58422029][ 0.11182758  0.677208    0.6453984 ]
699[ 2.16191925  1.30882876  2.99520456][ 0.01239965  0.91187363  0.80288113]
700[ 0.19078052  2.42629735  2.7355757 ][ 0.52532392  0.22120392  0.84515486]
701[ 0.29113561  4.01032562  3.7456143 ][ 0.72278822  0.00106201  0.04619234]
702[ 2.82866136  1.44922631  4.6509766 ][ 0.34781816  0.84054973  0.35595638]
703[ 3.95244346  3.76524697  4.8228973 ][ 0.16637191  0.32458274  0.28376086]
704[ 4.76294031  2.89540158  0.01899532][ 0.91166297  0.14755943  0.36619777]
705[ 4.92604623  2.53527201  3.51646495][ 0.33878769  0.63570232  0.22832851]
706[ 2.70191037  0.34791756  2.41764317][ 0.69649015  0.13527415  0.56955503]
707[ 0.58492693  2.01875255  2.00922963][ 0.48593839  0.29235362  0.65761243]
708[ 3.5430833   1.38023389  1.88652085][ 0.7873689   0.44019899  0.82173476]
709[ 3.17497171  0.93285299  0.09384641][ 0.97317959  0.32857829  0.76320715]
710[ 4.33512245  1.93279533  4.36236924][ 0.06146622  0.06297489  0.85762715]
711[ 2.1563649   2.07719598  4.52301807][ 0.11660338  0.835613    0.75438076]
712[ 2.55717931  2.21773048  3.47383944][ 0.14342783  0.90735057  0.83876563]
713[ 3.52806904  1.18498395  3.78024142][ 0.77430295  0.15795273  0.71570132]
714[ 3.52394146  4.54509912  1.79942651][ 0.32354285  0.51067007  0.29523033]
715[ 0.32456053  1.08709138  0.13177481][ 0.21262941  0.47057217  0.98495025]
716[ 4.0583651   4.98135814  1.20270538][ 0.27483368  0.834922    0.39721107]
717[ 1.95685595  3.41877767  1.75969335][ 0.02168528  0.72983343  0.78425209]
718[ 2.69543021  3.2555664   2.33668794][ 0.91053005  0.17300737  0.73091364]
719[ 1.23954058  1.78304837  3.15467562][ 0.54809969  0.59779441  0.91108832]
720[ 4.98890275  0.01226469  0.80585691][ 0.69689567  0.99648968  0.61228582]
721[ 3.48278886  4.01280426  3.19335751][ 0.69437406  0.25559444  0.59084787]
722[ 2.67877293  3.43704827  0.63337461][ 0.4651073   0.4910356   0.44808968]
723[ 4.80601451  2.75969223  1.00526174][ 0.34099725  0.43414309  0.39723696]
724[ 2.98845736  4.64296393  3.93349324][ 0.38808686  0.44125443  0.58521426]
725[ 1.37162243  2.28727874  1.90867692][ 0.58734276  0.64090222  0.2208979 ]
726[ 4.91219825  0.14918628  4.1768952 ][ 0.66557714  0.63540302  0.41195447]
727[ 0.60248387  3.82510814  3.45640041][ 0.08039781  0.76621607  0.34831448]
728[ 3.86795244  2.84338363  2.00663653][ 0.3816733   0.58349019  0.94517439]
729[ 2.18217531  0.69601416  1.53751345][ 0.85069533  0.00651092  0.40595649]
730[ 0.21903179  0.56128417  2.46837788][ 0.1506518   0.36851956  0.3032866 ]
731[ 2.58627538  4.93333618  4.75811106][ 0.76275719  0.74356627  0.89771546]
732[ 1.06246913  0.1209058   0.5945152 ][ 0.51743761  0.74178639  0.61282781]
733[ 0.52109008  3.84749626  0.57347852][ 0.24612223  0.78957357  0.65823518]
734[ 2.1887308   4.92549051  4.28602467][ 0.47669302  0.88951711  0.96739892]
735[ 0.99251376  1.74204298  4.08954449][ 0.71886652  0.47827471  0.47511584]
736[ 3.65393114  4.26085108  3.04387288][ 0.05712849  0.66599084  0.66164867]
737[ 1.64316433  0.30184488  3.60879846][ 0.39908901  0.46816904  0.12199487]
738[ 1.55371394  3.97350444  3.41379244][ 0.2514938   0.81511952  0.99041126]
739[ 4.35928956  2.94461018  1.06286354][ 0.8299504   0.58576181  0.5590774 ]
740[ 0.81134231  4.51422416  2.15721895][ 0.0599705   0.53715681  0.98109712]
741[ 3.14725745  4.72808222  4.82183036][ 0.05936863  0.69206478  0.81649628]
742[ 1.63195955  3.05283995  3.92760405][ 0.31431552  0.74211266  0.29208739]
743[ 3.5849439   1.17748972  0.10467932][ 0.36553386  0.48733799  0.1626363 ]
744[ 2.26503326  3.93667479  4.1606873 ][ 0.32329164  0.5380451   0.16992629]
745[ 1.65428032  1.98128806  1.650305  ][ 0.66726799  0.77176489  0.91542764]
746[ 2.45751256  1.77349135  4.82575039][ 0.36250603  0.67697509  0.48148393]
747[ 0.51599112  2.22783474  3.08140209][ 0.16837855  0.74658503  0.5178048 ]
748[ 0.60706089  0.28735087  3.70739793][ 0.85694718  0.08515217  0.13316817]
749[ 1.26463649  2.24541954  3.63337387][ 0.26269397  0.82004049  0.85900335]
750[ 1.67755852  2.15059887  3.12839634][ 0.96214436  0.05168127  0.27089689]
751[ 2.93279074  0.11198104  2.91114178][ 0.87619336  0.17739241  0.37941789]
752[ 4.35725046  3.23478469  3.88122807][ 0.4080723   0.14743639  0.61893804]
753[ 3.58293444  4.99146015  2.62116633][ 0.52092307  0.4808225   0.37905187]
754[ 0.51129126  2.77326478  2.9040063 ][ 0.89717956  0.93575059  0.50466319]
755[ 1.21755925  0.80291732  4.66316094][ 0.6627825   0.40114965  0.86607127]
756[ 2.67234822  0.85469863  2.31417699][ 0.94206622  0.63577596  0.99637941]
757[ 3.87746397  1.2235716   2.67445972][ 0.14000787  0.82463644  0.76114033]
758[ 2.81704327  4.03640256  3.90741569][ 0.72780484  0.86260161  0.99956436]
759[ 1.29693131  4.04002406  1.077945  ][ 0.85257493  0.59964616  0.98230754]
760[ 3.73271619  0.52197821  4.90010941][ 0.91065356  0.11160039  0.24502458]
761[ 1.10300983  4.09163181  2.53508455][ 0.16865718  0.95565407  0.96503285]
762[ 4.41985304  3.64169419  1.93825973][ 0.64532549  0.11088741  0.92604456]
763[ 4.95402422  1.10718913  0.31991733][ 0.24974329  0.16058535  0.68132957]
764[ 3.23314044  3.29509714  4.82396947][ 0.63061192  0.49494286  0.68657106]
765[ 1.54471221  1.68109516  1.28895969][ 0.72820347  0.15688004  0.06559808]
766[ 4.49066643  3.97993248  2.96311939][ 0.7720904   0.99789864  0.96828973]
767[ 3.28567439  1.77432828  4.97937747][ 0.30515781  0.35777475  0.26346133]
768[ 4.28954856  1.19384585  0.22503664][ 0.37088453  0.13332957  0.11926819]
769[ 0.38506433  2.23981826  2.07640002][ 0.71996627  0.82211852  0.30841549]
770[ 1.03693934  0.26573691  3.74878752][ 0.50009538  0.6099576   0.63245633]
771[ 2.04733386  3.55523809  2.59253662][ 0.38206637  0.46511441  0.61313352]
772[ 0.98873343  2.4220545   1.02751694][ 0.97973731  0.50284848  0.56090153]
773[ 4.0341168   0.60908849  3.94972434][ 0.07378621  0.33873516  0.91544668]
774[ 2.39556831  3.39223329  4.51423678][ 0.98351945  0.67531943  0.55622588]
775[ 0.17430818  1.13288609  3.24063994][ 0.88353507  0.93479253  0.66028239]
776[ 1.66364674  4.20165608  4.73691595][ 0.93916157  0.77498857  0.71787753]
777[ 3.22241723  0.92278197  4.30606458][ 0.31964248  0.9284312   0.90585775]
778[ 3.71489749  4.29647494  4.8733986 ][ 0.7455876  0.4225224  0.9615321]
779[ 4.44920782  2.45861692  4.14320268][ 0.69191252  0.69732784  0.47840339]
780[ 4.93260609  2.52978458  4.29576373][ 0.14200959  0.8618894   0.81711072]
781[ 2.17807731  3.63779583  2.21619305][ 0.58086707  0.30486105  0.41280276]
782[ 0.95530245  0.18795779  0.68333821][ 0.90703137  0.710473    0.14804894]
783[ 3.97871689  2.40382222  2.88331783][ 0.24034938  0.33216519  0.96006735]
784[ 1.41852948  2.58766493  0.12466175][ 0.09686077  0.47833516  0.98200155]
785[ 1.6948063   0.83544603  0.6560815 ][ 0.18121578  0.50638199  0.38909369]
786[ 0.29299316  2.64355208  4.23046968][ 0.18212932  0.01413604  0.72095445]
787[ 3.92786305  3.33826439  3.48110935][ 0.54862881  0.11521234  0.19266482]
788[ 4.50931379  3.82538226  3.31156105][ 0.23548784  0.59151163  0.22097495]
789[ 0.26717935  0.83416905  1.94624175][ 0.43347159  0.19304462  0.67700427]
790[ 4.05158942  4.30092281  1.71093456][ 0.01410563  0.37697723  0.88244117]
791[ 1.9667354   3.60973099  2.85836922][ 0.14813401  0.8053208   0.2522544 ]
792[ 3.61531946  0.49571196  3.72771644][ 0.13313859  0.13152612  0.95312676]
793[ 0.91225808  3.01411291  4.95035904][ 0.09239131  0.6820101   0.29930662]
794[ 1.81242038  4.92419992  2.2128755 ][ 0.72240373  0.55260064  0.44604773]
795[ 3.61811057  1.8294283   3.13608183][ 0.76275536  0.19800192  0.01814715]
796[ 2.1229955   4.71514365  1.55996626][ 0.61660729  0.73468376  0.95375279]
797[ 1.07856616  4.04206137  3.75554059][ 0.10171616  0.38336542  0.46874543]
798[ 4.76153209  4.96035411  1.58200118][ 0.81578498  0.57224279  0.37156907]
799[ 4.30426071  2.11733411  0.20785191][ 0.7996969   0.09113359  0.44589031]
800[ 0.47492     0.4182678   4.79429246][ 0.96434651  0.8145911   0.71669245]
801[ 1.77437795  4.79166052  2.19001417][ 0.37740601  0.8506137   0.17229625]
802[ 2.82408369  4.89127081  3.05104423][ 0.57503151  0.8681322   0.13217005]
803[ 4.41891622  2.7182123   3.78888973][ 0.35529983  0.03313369  0.75314618]
804[ 2.50028388  1.82174601  0.82183517][ 0.92780515  0.21495707  0.54782131]
805[ 2.29310829  4.97177783  1.53676869][ 0.51618952  0.12690998  0.02408584]
806[ 3.39026085  2.80452046  3.24466706][ 0.54285904  0.00860179  0.25534184]
807[ 4.57689107  3.08723737  1.19560334][ 0.16657425  0.32639303  0.41195252]
808[ 4.63854078  0.37647322  4.04786611][ 0.34403776  0.39281923  0.45456942]
809[ 0.65052763  3.26434705  4.0625066 ][ 0.55601304  0.82415216  0.86921566]
810[ 1.84138224  0.33007841  3.45356678][ 0.34034735  0.5625945   0.47433762]
811[ 1.60419399  4.10547831  1.24130115][ 0.62636365  0.70251054  0.5713522 ]
812[ 4.09652224  0.33640957  1.9575534 ][ 0.73610413  0.49710292  0.15442664]
813[ 0.6594822   1.42492533  4.92519429][ 0.94822562  0.72524973  0.72256303]
814[ 1.15413432  0.35994506  2.56658487][ 0.04581859  0.64570799  0.47158214]
815[ 2.42496633  3.473467    2.6834715 ][ 0.49045463  0.99536184  0.94979831]
816[ 3.02576126  4.86321049  3.20260736][ 0.95221842  0.40799055  0.00284677]
817[ 1.92952328  0.64299617  4.20937009][ 0.9155797   0.95386909  0.51425404]
818[ 0.5355431   2.86143799  1.68434678][ 0.86439317  0.42373741  0.61150156]
819[ 1.35862774  4.83081691  4.99929455][ 0.56456948  0.40089847  0.05954596]
820[ 3.11351838  2.32264931  1.4964729 ][ 0.30692482  0.95698719  0.84868519]
821[ 2.9845755   1.59753344  2.27512837][ 0.11244272  0.65239466  0.6419939 ]
822[ 1.27210569  3.46623047  3.55007165][ 0.96285722  0.6248773   0.35705285]
823[ 4.80146477  4.2917804   1.77999158][ 0.3770941   0.54287425  0.94651549]
824[ 4.18117249  0.59094147  3.07797432][ 0.98373634  0.01375784  0.9516517 ]
825[ 1.79205543  3.54600636  1.96776383][ 0.74740019  0.44069779  0.89469127]
826[ 4.77893901  0.33220739  3.07349102][ 0.26786526  0.69080545  0.23827686]
827[  2.75053557e+00   2.06385755e-03   8.83033724e-01][ 0.21429207  0.84121235  0.14161712]
828[ 0.15332795  3.18585818  2.02402736][ 0.68519787  0.11757867  0.12116145]
829[ 3.66039444  4.59365676  2.0381797 ][ 0.59844671  0.44644551  0.99672671]
830[ 1.45576448  1.6261911   4.31601612][ 0.48784285  0.25611514  0.14474205]
831[ 3.99616732  2.90967271  4.59155116][ 0.67814403  0.82923353  0.73789927]
832[ 1.90499632  3.39883207  1.37054682][ 0.40852347  0.55173829  0.39042657]
833[ 0.60735801  3.91625271  2.42597758][ 0.88410956  0.43167412  0.76126489]
834[ 4.06333277  0.88468068  3.06413188][ 0.22101271  0.69017662  0.37128627]
835[ 4.44231313  0.07768693  3.53184747][ 0.02581997  0.1934145   0.69807327]
836[ 1.96534151  4.30751571  4.56124838][ 0.82083852  0.08547528  0.48894758]
837[ 4.84254837  1.59389158  4.00488348][ 0.5935841   0.30922006  0.27273998]
838[ 3.8103251   0.34307679  0.25042872][ 0.98392188  0.05858625  0.78103397]
839[ 1.86341534  3.37372351  0.16823606][ 0.22885062  0.94721456  0.27312493]
840[ 2.26524831  0.91947502  0.64338862][ 0.57468714  0.77109818  0.80472719]
841[ 1.53925759  1.00401098  1.37676957][ 0.21859365  0.8456373   0.25831816]
842[ 1.12894536  1.43895851  4.86660121][ 0.84697578  0.48001194  0.18163157]
843[ 4.76943424  2.31488262  2.92547554][ 0.69264719  0.44067068  0.23446616]
844[ 1.43838531  0.18384215  2.97603932][ 0.96770904  0.20132567  0.29318932]
845[ 4.73331042  0.2398626   4.21917084][ 0.37926098  0.48175979  0.0249249 ]
846[ 1.30671278  1.55535832  3.79017808][ 0.24483491  0.88620801  0.96383801]
847[ 0.04376941  2.32536224  0.23170791][ 0.2869993   0.79338846  0.03946761]
848[ 1.64652752  2.62179494  2.79210299][ 0.29969421  0.16601079  0.69634105]
849[ 2.87709053  1.00279202  0.17972008][ 0.14833174  0.62128737  0.867156  ]
850[ 1.00262146  2.68537012  1.95667146][ 0.02504667  0.31930899  0.93151544]
851[ 0.68530238  2.47898619  2.85265161][ 0.31086818  0.25538459  0.46543302]
852[ 4.9282945   0.69808837  3.45041426][ 0.23762289  0.41816077  0.07079974]
853[ 4.30638714  2.25839133  4.88128564][ 0.03833371  0.08654319  0.49144298]
854[ 4.23448874  2.58611757  4.88121315][ 0.31086604  0.66281013  0.35041214]
855[ 3.29310585  4.27623706  3.32410001][ 0.12666749  0.30195235  0.07117273]
856[ 1.4999537   3.30594794  2.62505363][ 0.5154371   0.40923334  0.45342363]
857[ 3.50673526  0.18492917  1.20494937][ 0.87410602  0.78872152  0.9269519 ]
858[ 1.57982233  0.25610243  3.38685809][ 0.85584011  0.87686168  0.25941444]
859[ 0.66838252  4.50763899  0.35196447][ 0.37171308  0.53288444  0.04326498]
860[ 0.17299795  4.7795284   4.60886393][ 0.31621263  0.73769931  0.46939613]
861[ 1.32699416  2.76623839  0.4098359 ][ 0.80106916  0.842865    0.96513147]
862[ 2.12252821  0.1055837   0.07774912][ 0.72046762  0.48563021  0.60843907]
863[ 2.16698453  0.25079666  2.26833   ][ 0.78228339  0.81678049  0.55824309]
864[  7.48023737e-01   2.89449083e+00   2.66981045e-03][ 0.36345185  0.96775343  0.10703227]
865[ 4.04121613  1.21514919  0.95576219][ 0.21843974  0.78469719  0.78456694]
866[ 1.57229117  2.15166725  0.03227267][ 0.60835322  0.81857373  0.42314381]
867[ 4.83033879  4.40924751  0.74641576][ 0.56429155  0.37428525  0.07054488]
868[ 1.79311765  3.54378363  1.70739905][ 0.68759951  0.76903067  0.80988213]
869[ 3.47127319  1.78943322  4.40608452][ 0.99960303  0.31871113  0.31022105]
870[ 3.90882926  3.77686586  1.12740111][ 0.9677117   0.45136799  0.12159248]
871[ 0.83568023  4.68944749  4.75274503][ 0.86301973  0.21631214  0.39371806]
872[ 2.56659972  0.2835998   3.51647572][ 0.58831098  0.31687596  0.58911539]
873[ 3.66822134  0.52972006  2.94543917][ 0.1553041   0.21617698  0.56487084]
874[ 1.62554375  0.57579153  3.98894876][ 0.64850012  0.69505125  0.97145455]
875[ 4.79555182  4.65133394  0.20489615][ 0.05739449  0.88524153  0.78900579]
876[ 2.387203    2.51914346  4.91821512][ 0.16676307  0.79466678  0.07563445]
877[ 4.59907657  1.10305525  4.6819052 ][ 0.85352565  0.25279442  0.74346535]
878[ 2.89741088  4.17815633  0.80233871][ 0.05137495  0.18884431  0.18834978]
879[ 1.08802277  0.07155892  2.89375276][ 0.63503419  0.57554268  0.6598907 ]
880[ 3.98967106  4.80485338  0.83815594][ 0.47027415  0.53874841  0.00344296]
881[ 1.18214712  0.45194269  2.6613101 ][ 0.15737866  0.18017101  0.53947274]
882[ 3.78564416  3.06226247  2.2154089 ][ 0.72998655  0.86173579  0.16738856]
883[ 2.58626053  4.30209219  4.66726852][ 0.6564932   0.02925251  0.33380339]
884[ 3.04313672  0.45924416  4.39293639][ 0.3217623   0.45239557  0.279403  ]
885[ 2.94811868  3.15168217  1.23170453][ 0.86703998  0.33430644  0.58386952]
886[ 1.90162105  0.87937582  4.99385713][ 0.54493659  0.71471848  0.40338307]
887[ 3.42738691  1.25518305  0.5733635 ][ 0.62671319  0.46817985  0.80861832]
888[ 4.45645667  4.69759983  3.30781563][ 0.20085881  0.18884599  0.17874903]
889[ 3.17935905  0.15676373  4.70195075][ 0.20619798  0.53567981  0.49835683]
890[ 0.89468448  2.0676238   0.2687073 ][ 0.11917903  0.91433506  0.01465672]
891[ 1.88382644  0.68398686  2.49714677][ 0.37702712  0.44260259  0.5039795 ]
892[ 0.20940541  3.43481935  2.03926872][ 0.03004138  0.43427202  0.68998829]
893[ 4.19325636  3.68267143  2.26462598][ 0.65089985  0.68195433  0.72476815]
894[ 0.89113626  3.42660067  2.34333892][ 0.70428188  0.25049414  0.47716686]
895[ 4.56661467  0.04207914  1.3406966 ][ 0.7365496   0.76607988  0.88805114]
896[ 1.06220388  2.35785654  2.71050216][ 0.0929277   0.92255842  0.22242152]
897[ 3.01658057  1.89593007  0.82847318][ 0.50750878  0.09813936  0.87809927]
898[ 1.4935877   0.33398585  3.37319682][ 0.75068466  0.62857719  0.41454294]
899[ 0.49901223  3.46461567  3.61312367][ 0.18129936  0.89135893  0.57235251]
900[ 0.74633972  3.06244365  1.99812873][ 0.85668388  0.97782843  0.34484783]
901[ 0.17321951  2.95201568  0.01609895][ 0.96106441  0.33551935  0.54251943]
902[ 2.47479411  4.08313743  0.62368193][ 0.5378232   0.01887806  0.18040942]
903[ 3.68525393  2.52805279  0.29949684][ 0.15628417  0.69860473  0.27411956]
904[ 2.1071626   2.31354795  3.06023496][ 0.0299642   0.69506875  0.66361433]
905[ 4.09365849  1.59497116  4.58686913][ 0.26318377  0.56286154  0.01452112]
906[ 4.6529866   2.92785642  4.44422088][ 0.40918683  0.91422384  0.57151886]
907[ 0.67734847  2.58747896  4.78150118][ 0.28281484  0.78113743  0.18368573]
908[ 0.33045784  0.67078739  2.66514459][ 0.92602027  0.23749895  0.59421577]
909[ 4.24980727  1.71927865  1.71585218][ 0.19280167  0.53550819  0.98787706]
910[ 4.63234568  2.20341864  1.93048806][ 0.93176001  0.49182114  0.90570512]
911[ 1.77464709  2.4643945   1.96509776][ 0.4786843   0.54516613  0.21486785]
912[ 2.13992346  2.43829979  2.50333431][ 0.28728391  0.87076714  0.28768272]
913[ 2.19084285  3.20662802  2.97330463][ 0.86133356  0.68261189  0.72699319]
914[ 4.54112586  0.25248043  4.11879473][ 0.47663708  0.96736868  0.4570835 ]
915[ 0.99378     2.87744741  4.25523237][ 0.6260478  0.6697689  0.8972328]
916[ 3.27693547  1.71046789  4.50735137][ 0.29238191  0.57836109  0.2221263 ]
917[ 1.15637291  4.20800019  2.79712244][ 0.09185935  0.0580305   0.21457087]
918[ 2.74860662  1.72476264  4.17872495][ 0.88538605  0.90972338  0.81084636]
919[ 4.68905439  0.38725272  1.12682191][ 0.74435068  0.60420696  0.46714427]
920[ 1.53807574  1.16022204  0.55560373][ 0.91756705  0.35448585  0.35800056]
921[ 3.48879497  2.25405758  3.36598662][ 0.39121537  0.15166385  0.47364799]
922[ 3.59571906  2.04492243  1.90638955][ 0.79977875  0.47455213  0.7137404 ]
923[ 3.36070931  1.25927866  0.7671184 ][ 0.26634665  0.86546957  0.6527361 ]
924[ 2.95208801  0.12448432  2.57776343][ 0.66293504  0.8298018   0.91258147]
925[ 4.48084498  1.47756734  0.25260744][ 0.34644287  0.21601223  0.98432982]
926[ 1.0078161   4.68545703  2.70093802][ 0.06972568  0.9741392   0.89291448]
927[ 0.33364436  3.31407581  2.86754886][ 0.23211749  0.85863511  0.56427365]
928[ 4.52739918  3.76191064  1.75291949][ 0.3671316   0.39433827  0.53518946]
929[ 4.93487197  0.46111342  4.8181814 ][ 0.11788737  0.75276642  0.64982855]
930[ 3.76722405  3.93890982  0.32174335][ 0.08614495  0.1477333   0.19708819]
931[ 0.33918307  0.98481722  2.54363436][ 0.17815149  0.88379662  0.81677348]
932[ 1.10922981  2.92578701  4.24081927][ 0.85198421  0.23800009  0.05903025]
933[ 4.43573041  4.90757634  0.82279684][ 0.54036893  0.16502236  0.73914137]
934[ 3.01492677  0.94965629  1.70553814][ 0.66553763  0.61642999  0.1314697 ]
935[ 3.61448971  0.20970871  0.42193249][ 0.78034484  0.10070568  0.66380633]
936[ 4.39246854  1.37498952  4.43318476][ 0.41192454  0.61378068  0.49219677]
937[ 1.56773012  4.43277374  3.2350958 ][ 0.82965573  0.66923724  0.14989871]
938[ 0.47024047  1.08194448  0.70606349][ 0.59496186  0.86147301  0.53010658]
939[ 1.85727091  4.15140943  0.43035007][ 0.96035846  0.03400072  0.89527064]
940[ 2.56838865  1.69462195  1.89925893][ 0.46464625  0.62766812  0.60042378]
941[ 4.03494857  1.60979907  0.05262033][ 0.62035762  0.75447638  0.70604022]
942[ 2.36618347  3.64262383  1.65423893][ 0.5184128   0.57359405  0.78871108]
943[ 3.10376518  3.48721114  3.70871256][ 0.1845548   0.21557698  0.00472042]
944[ 0.4000243   1.68847673  3.91169971][ 0.48005424  0.93631692  0.62515719]
945[ 4.28435853  0.74436292  4.47520051][ 0.08974548  0.66617063  0.4874135 ]
946[ 3.28719592  1.27592325  3.25379433][ 0.32229972  0.89630658  0.62220654]
947[ 1.70437469  4.97185126  0.40871951][ 0.67833599  0.47486176  0.93187758]
948[ 1.63958442  0.35573875  1.67553054][ 0.79831444  0.29548576  0.72970732]
949[ 1.23168477  3.6143853   4.06180586][ 0.96978259  0.27795102  0.74541223]
950[ 3.7056665   1.74001059  2.50272449][ 0.29028505  0.92915334  0.19597896]
951[ 2.01598591  1.14181909  1.2537228 ][ 0.39762065  0.5584344   0.35131548]
952[ 0.25267137  3.54356322  0.38042694][ 0.59530664  0.34815166  0.10776963]
953[ 1.01862123  2.51314709  1.98425563][ 0.12618253  0.0455222   0.46515955]
954[ 3.80263971  4.76286777  1.4669272 ][ 0.06186431  0.98886929  0.2848637 ]
955[ 3.31497142  1.18618586  4.451857  ][ 0.61114519  0.15035456  0.57057376]
956[ 3.88968203  1.72283229  2.9364096 ][ 0.17804172  0.97014314  0.36398767]
957[ 3.53355372  2.9793875   4.09549899][ 0.31442444  0.66978785  0.11841605]
958[ 1.25943441  3.4765055   2.08604101][ 0.50829879  0.44230319  0.34218203]
959[ 3.77939733  0.92332038  0.04352059][ 0.60421721  0.96313515  0.07178397]
960[ 2.75176203  4.59511516  4.82211866][ 0.7045272   0.21243122  0.56056535]
961[ 0.87441579  2.29724137  4.85977067][ 0.07414611  0.43587749  0.75104951]
962[ 2.05178058  2.059555    2.79451384][ 0.39143061  0.55014141  0.56961014]
963[ 1.58981158  2.06361128  4.70812936][ 0.53298426  0.93451442  0.65631423]
964[ 1.48334739  3.48468273  0.15539931][ 0.74934136  0.0157771   0.20631296]
965[ 1.12135479  1.32555822  3.40156877][ 0.94174309  0.91345731  0.8142517 ]
966[ 4.62449497  2.65462395  1.85163226][ 0.96735217  0.05043984  0.26076479]
967[ 1.99346217  1.13685259  0.09244701][ 0.18721161  0.45161968  0.46625135]
968[ 4.20062391  1.27914861  0.84171685][ 0.86608949  0.14634112  0.80342913]
969[ 3.88643383  0.97211937  1.74645449][ 0.27560738  0.06121436  0.9926992 ]
970[ 2.99842117  1.30797746  3.4891852 ][ 0.51365266  0.49808995  0.86320626]
971[ 1.71724814  1.96107918  1.05078756][ 0.21100116  0.8666197   0.79830214]
972[ 4.60347801  4.33692822  3.45575716][ 0.52125285  0.0448487   0.42859784]
973[ 1.22470064  4.41236479  3.5690558 ][ 0.93829654  0.00976473  0.46055814]
974[ 0.15812682  0.08396677  2.82656747][ 0.46631602  0.37528164  0.34312145]
975[ 1.34116126  0.04761804  1.27014261][ 0.07956449  0.06941897  0.2036925 ]
976[ 3.38132474  4.15489142  1.32041418][ 0.86919839  0.49340028  0.34963414]
977[ 3.08992787  4.68168419  4.43178381][ 0.43565041  0.3226177   0.36989331]
978[ 1.71672787  1.13083424  0.28017954][ 0.46185026  0.15124362  0.94021453]
979[ 2.85392542  2.63322192  1.66667892][ 0.11378082  0.19466311  0.84505879]
980[ 3.17528732  1.01354124  0.01310084][ 0.61772959  0.29402782  0.13672693]
981[ 2.04702806  4.68390706  4.09770123][ 0.23937766  0.85230425  0.98792902]
982[ 4.35333192  3.89014348  4.79969659][ 0.31007522  0.94903134  0.25270023]
983[ 2.69127753  0.29729943  0.98199797][ 0.11936098  0.0928085   0.33190971]
984[ 3.38306297  2.41206182  3.09903924][ 0.60407018  0.02635384  0.19474388]
985[ 3.30838938  3.92731154  1.17824344][ 0.02135458  0.00674833  0.39399075]
986[ 4.04889285  3.67535063  1.69173975][ 0.78815667  0.91974185  0.3376624 ]
987[ 0.3314435   1.93326677  2.54931308][ 0.67475002  0.7009175   0.08505287]
988[ 3.4873094   3.5587609   0.65988601][ 0.27634598  0.22931028  0.89062387]
989[ 3.0088681   4.51420832  1.48837217][ 0.40750398  0.82752048  0.74391708]
990[ 2.1223143   3.82123218  4.34894364][ 0.28033137  0.2429048   0.21227824]
991[ 0.04715694  0.2856504   4.05333401][ 0.10494904  0.28229662  0.56991245]
992[ 2.15568045  4.29261814  3.13418845][ 0.02259384  0.74988049  0.72286509]
993[ 3.9346739   0.54449978  0.48932843][ 0.89868342  0.97200777  0.52586332]
994[ 0.3636694   4.49844873  3.92528097][ 0.16523441  0.58292412  0.87078235]
995[ 4.13902111  3.69508698  3.25025774][ 0.54157228  0.84756122  0.68430575]
996[ 0.4849119   1.20113343  0.35086195][ 0.34989307  0.27591216  0.70087703]
997[ 1.11759483  1.28215877  4.60426165][ 0.03848816  0.78964037  0.82669036]
998[ 3.47214126  0.35155355  1.28461789][ 0.36316627  0.97410267  0.85917558]
999[ 3.393987    2.32786159  4.05219482][ 0.2444313   0.76310911  0.42263002]
